TimeNow		X-Axis	Y-Axis	Z-Axis
1610331886443	-432	352	-7872
1610331886458	-432	352	-4032
1610331886462	-464	336	-4048
1610331886466	-464	336	-4048
1610331886471	-464	336	-4048
1610331886475	-464	336	-4048
1610331886479	-448	336	-4048
1610331886483	-448	336	-4048
1610331886487	-448	344	-4048
1610331886491	-448	336	-4048
1610331886495	-448	336	-4048
1610331886499	-432	336	-4032
1610331886504	-432	336	-4032
1610331886508	-432	336	-4032
1610331886511	-432	336	-4032
1610331886515	-432	336	-4032
1610331886520	-416	336	-4048
1610331886524	-416	336	-4048
1610331886528	-416	336	-4048
1610331886532	-416	336	-4048
1610331886536	-416	336	-4048
1610331886540	-400	304	-3984
1610331886544	-400	304	-3984
1610331886547	-400	304	-3984
1610331886551	-400	304	-3984
1610331886555	-400	304	-3984
1610331886558	-464	400	-4032
1610331886562	-464	400	-4032
1610331886565	-464	400	-4032
1610331886569	-464	400	-4032
1610331886572	-464	400	-4032
1610331886576	-464	400	-4032
1610331886579	-432	336	-4016
1610331886583	-432	336	-4016
1610331886586	-432	336	-4016
1610331886590	-432	336	-4016
1610331886594	-432	336	-4016
1610331886598	-432	336	-4048
1610331886602	-432	368	-4048
1610331886606	-432	368	-4048
1610331886610	-432	368	-4048
1610331886614	-432	368	-4048
1610331886618	-432	368	-4048
1610331886622	-448	352	-4048
1610331886626	-448	352	-4048
1610331886686	-464	352	-4016
1610331886689	-464	352	-4016
1610331886693	-464	352	-4016
1610331886697	-464	352	-4016
1610331886789	-464	384	-4048
1610331886792	-464	336	-4000
1610331886796	-464	336	-4000
1610331886799	-464	336	-4048
1610331886894	-480	368	-4048
1610331886898	-448	320	-4016
1610331886902	-464	336	-4048
1610331886906	-464	336	-4048
1610331886909	-464	336	-4048
1610331887005	-432	336	-4016
1610331887008	-432	336	-4016
1610331887012	-432	336	-4016
1610331887016	-432	336	-4016
1610331887108	-432	336	-4016
1610331887111	-752	0	-4112
1610331887115	-752	0	-4112
1610331887118	-752	0	-4112
1610331887213	-752	0	-4176
1610331887217	-688	304	-4608
1610331887221	-688	304	-4608
1610331887225	-816	304	-4560
1610331887228	-816	304	-4560
1610331887323	-784	320	-4464
1610331887326	-912	320	-4176
1610331887330	-912	320	-4176
1610331887333	-912	320	-4176
1610331887425	-912	320	-4176
1610331887429	-752	-64	-4368
1610331887432	-752	-64	-4368
1610331887436	-752	-64	-4368
1610331887531	-752	-64	-4368
1610331887536	-864	-48	-4080
1610331887542	-864	-48	-4080
1610331887547	-608	-16	-4112
1610331887552	-752	-16	-4112
1610331887645	-752	-64	-4016
1610331887651	-752	-64	-3888
1610331887657	-752	-64	-3888
1610331887662	-752	-64	-3888
1610331887749	-752	-160	-3760
1610331887752	-752	0	-2912
1610331887756	-752	0	-2912
1610331887760	-752	0	-2912
1610331887855	-752	0	-2912
1610331887858	-688	-64	-2944
1610331887862	-688	-64	-2944
1610331887865	-688	-64	-2944
1610331887869	-656	-64	-3056
1610331887964	-880	-64	-3408
1610331887968	-880	-64	-3664
