TimeNow		X-Axis	Y-Axis	Z-Axis
13:09:661011	-16	4128	32
13:09:664115	-16	4128	32
13:09:667139	-16	4128	32
13:09:670076	-16	4128	32
13:09:673033	-16	4128	32
13:09:676064	-16	4128	32
13:09:679114	-32	4144	32
13:09:682155	-32	4144	32
13:09:685212	-32	4144	32
13:09:688133	-32	4144	32
13:09:690990	-32	4144	32
13:09:693897	-32	4144	32
13:09:696808	-32	4144	32
13:09:699738	0	4112	64
13:09:702663	0	4112	64
13:09:705643	0	4112	64
13:09:708681	0	4112	64
13:09:711724	0	4112	64
13:09:714694	0	4112	64
13:09:717631	0	4112	64
13:09:720593	-48	4160	64
13:09:723633	-48	4160	64
13:09:726544	-48	4160	64
13:09:729499	-48	4160	64
13:09:732465	-48	4160	64
13:09:735415	-48	4160	64
13:09:738352	208	4160	48
13:09:741329	0	4112	48
13:09:744359	0	4112	48
13:09:747373	0	4112	48
13:09:750445	0	4112	48
13:09:753513	0	4112	48
13:09:756596	0	4112	48
13:09:759798	-16	4128	16
13:09:762884	-16	4128	16
13:09:765883	-16	4128	16
13:09:768867	-16	4128	16
13:09:771940	-16	4128	16
13:09:774916	-16	4128	16
13:09:777849	-16	4128	48
13:09:780771	16	4080	48
13:09:783712	16	4080	48
13:09:786767	16	4080	48
13:09:789761	16	4080	48
13:09:792677	16	4080	48
13:09:795603	16	4080	48
13:09:798553	16	4080	0
13:09:801472	-64	4112	0
13:09:804382	-64	4112	0
13:09:807386	-64	4112	0
13:09:810375	-64	4112	0
13:09:813326	-64	4112	0
13:09:816461	-64	4112	0
13:09:819554	0	4144	16
13:09:822580	0	4144	16
13:09:825481	0	4144	16
13:09:828364	0	4144	16
13:09:831235	0	4144	16
13:09:834052	0	4144	16
13:09:836867	0	4144	16
13:09:839685	-32	4128	64
13:09:842516	-32	4128	64
13:09:845346	-32	4128	64
13:09:848240	-32	4128	64
13:09:851200	-32	4128	64
13:09:854084	-32	4128	64
13:09:856982	-32	4128	64
13:09:859917	-16	4128	0
13:09:862843	-16	4128	0
13:09:865765	-16	4128	0
13:09:868693	-16	4128	0
13:09:871617	-16	4128	0
13:09:874542	-16	4128	0
13:09:877475	-16	4128	0
13:09:880533	-32	4112	96
13:09:883539	-32	4112	96
13:09:886504	-32	4112	96
13:09:889440	-32	4112	96
13:09:892398	-32	4112	96
13:09:895332	-32	4112	96
13:09:898263	-32	4112	96
13:09:901175	-32	4112	48
13:09:904083	-32	4112	48
13:09:906992	-32	4112	48
13:09:909951	-32	4112	48
13:09:913015	-32	4112	48
13:09:916144	-32	4112	48
13:09:919190	-32	4112	48
13:09:922287	-48	4096	48
13:09:925502	-48	4096	48
13:09:928505	-48	4096	48
13:09:931503	-48	4096	48
13:09:934413	-48	4096	48
13:09:937234	-48	4096	48
13:09:940040	-48	4096	48
13:09:942905	-48	4160	48
13:09:945854	-48	4160	48
13:09:948760	-48	4160	48
13:09:951569	-48	4160	48
13:09:954450	-48	4160	48
13:09:957360	-48	4160	48
13:09:960331	-48	4160	48
13:09:963296	-48	4112	48
13:09:966386	-48	4112	48
13:09:969467	-48	4112	48
13:09:972411	-48	4112	48
13:09:975305	-48	4112	48
13:09:978254	-48	4112	48
13:09:981223	0	4112	32
13:09:984170	0	4112	32
13:09:987093	0	4112	32
13:09:990034	0	4112	32
13:09:992909	0	4112	32
13:09:995723	0	4112	32
13:09:998535	0	4112	32
13:10:001349	-64	4128	16
13:10:004252	-64	4128	16
13:10:007365	-64	4128	16
13:10:010498	-64	4128	16
13:10:013670	-64	4128	16
13:10:016720	-64	4128	16
13:10:019711	-64	4128	64
13:10:022656	0	4128	64
13:10:025593	0	4128	64
13:10:028529	0	4128	64
13:10:031461	0	4128	64
13:10:034394	0	4128	64
13:10:037340	0	4128	64
13:10:040369	0	4128	32
13:10:043446	-64	4128	32
13:10:046613	-64	4128	32
13:10:049633	-64	4128	32
13:10:052784	-64	4128	32
13:10:055689	-64	4128	32
13:10:058637	-64	4128	32
13:10:061621	0	4128	32
13:10:064591	0	4128	32
13:10:067531	0	4128	32
13:10:070645	0	4128	32
13:10:073613	0	4128	32
13:10:076601	0	4128	32
13:10:079770	0	4128	32
13:10:082847	-16	4128	64
13:10:085851	-16	4128	64
13:10:088817	-16	4128	64
13:10:091735	-16	4128	64
13:10:094644	-16	4128	64
13:10:097552	-16	4128	64
13:10:100529	-16	4128	16
13:10:103557	0	4128	16
13:10:106627	0	4128	16
13:10:109592	0	4128	16
13:10:112506	0	4128	16
13:10:115412	0	4128	16
13:10:118349	0	4128	16
13:10:121379	0	4128	32
13:10:124467	-48	4112	32
13:10:127554	-48	4112	32
13:10:130614	-48	4112	32
13:10:133680	-48	4112	32
13:10:136694	-48	4112	32
13:10:139631	-48	4112	32
13:10:142579	-32	4112	32
13:10:145537	-32	4112	32
13:10:148595	-32	4112	32
13:10:151682	-32	4112	32
13:10:154775	-32	4112	32
13:10:157657	-32	4112	32
13:10:160529	-32	4112	32
13:10:163465	-48	4128	16
13:10:166500	-48	4128	16
13:10:169608	-48	4128	16
13:10:172590	-48	4128	16
13:10:175461	-48	4128	16
13:10:178333	-48	4128	16
13:10:181140	-48	4128	16
13:10:184023	-48	4128	16
13:10:186856	-48	4128	16
13:10:189711	-48	4128	16
13:10:192727	-48	4128	16
13:10:195882	-48	4128	16
13:10:198980	-48	4128	16
13:10:202135	-48	4128	32
13:10:205193	-32	4128	32
13:10:208058	-32	4128	32
13:10:210951	-32	4128	32
13:10:213860	-32	4128	32
13:10:216765	-32	4128	32
13:10:219669	-32	4128	32
13:10:222522	-32	4112	16
13:10:225609	-16	4112	16
13:10:228780	-16	4112	16
13:10:231947	-16	4112	16
13:10:234985	-16	4112	16
13:10:237903	-16	4112	16
13:10:240885	-16	4112	16
13:10:243859	-16	4128	48
13:10:246785	-16	4128	48
13:10:249696	-16	4128	48
13:10:252544	-16	4128	48
13:10:255479	-16	4128	48
13:10:258439	-16	4128	48
13:10:261494	-16	4128	48
13:10:264441	-32	4160	16
13:10:267362	-32	4160	16
13:10:270402	-32	4160	16
13:10:273478	-32	4160	16
13:10:276469	-32	4160	16
13:10:279453	-32	4160	16
13:10:282418	-32	4160	80
13:10:285348	-16	4160	80
13:10:288313	-16	4160	80
13:10:291285	-16	4160	80
13:10:294564	-16	4160	80
13:10:297508	-16	4160	80
13:10:300598	-16	4160	80
13:10:303726	-16	4112	32
13:10:306749	-16	4112	32
13:10:309758	-16	4112	32
13:10:312687	-16	4112	32
13:10:315724	-16	4112	32
13:10:318655	-16	4112	32
13:10:321630	-16	4112	32
13:10:324832	-48	4112	80
13:10:328865	-48	4112	80
13:10:334747	-48	4112	80
13:10:340780	-48	4112	80
13:10:346598	-32	4096	16
13:10:352337	-32	4096	16
13:10:358363	-32	4096	16
13:10:364243	-32	4096	48
13:10:382094	-64	4144	48
13:10:387856	0	4096	64
13:10:393595	0	4096	64
13:10:399130	0	4096	64
13:10:404601	0	4096	32
13:10:410066	0	4160	32
13:10:415534	0	4160	32
13:10:421220	0	4160	32
13:10:426987	-32	4160	32
13:10:432623	-32	4160	32
13:10:438297	-32	4160	32
13:10:443988	-32	4160	32
13:10:449635	-64	4144	32
13:10:455388	-64	4144	32
13:10:460965	-64	4144	32
13:10:466489	192	4096	16
13:10:472109	16	4096	16
13:10:477840	16	4096	16
13:10:483517	16	4096	16
13:10:489329	0	4128	64
13:10:495018	0	4128	64
13:10:500541	0	4128	64
13:10:506207	0	4128	32
13:10:512043	-16	4096	32
13:10:518556	-16	4096	32
13:10:524277	-16	4096	32
13:10:529287	-48	4128	16
13:10:532110	-48	4128	16
13:10:534914	-48	4128	16
13:10:537721	-48	4128	16
13:10:540525	-48	4128	16
13:10:543327	-48	4128	16
13:10:546156	0	4160	64
13:10:549116	0	4160	64
13:10:552112	0	4160	64
13:10:555094	0	4160	64
13:10:558160	0	4160	64
13:10:561110	0	4160	64
13:10:564012	0	4160	64
13:10:566827	-48	4160	32
13:10:569653	-48	4160	32
13:10:572478	-48	4160	32
13:10:575278	-48	4160	32
13:10:578141	-48	4160	32
13:10:581111	-48	4160	32
13:10:584047	-48	4160	32
13:10:586980	-16	4144	32
13:10:590021	-16	4144	32
13:10:592955	-16	4144	32
13:10:595808	-16	4144	32
13:10:598616	-16	4144	32
13:10:601448	-16	4144	32
13:10:604272	-16	4144	32
13:10:607069	-16	4176	48
13:10:609929	-16	4176	48
13:10:612833	-16	4176	48
13:10:615786	-16	4176	48
13:10:618726	-16	4176	48
13:10:621755	-16	4176	48
13:10:624922	-16	4176	48
13:10:627824	-64	4144	48
13:10:630665	-64	4144	48
13:10:633482	-64	4144	48
13:10:636303	-64	4144	48
13:10:639108	-64	4144	48
13:10:641956	-64	4144	48
13:10:644880	-64	4144	16
13:10:647863	0	4160	16
13:10:650808	0	4160	16
13:10:653738	0	4160	16
13:10:656807	0	4160	16
13:10:659703	0	4160	16
13:10:662539	0	4160	16
13:10:665337	0	4160	32
13:10:668141	-48	4144	32
13:10:670944	-48	4144	32
13:10:673779	-48	4144	32
13:10:676689	-48	4144	32
13:10:679651	-48	4144	32
13:10:682558	-48	4144	32
13:10:685363	-48	4144	16
13:10:688166	-32	4128	16
13:10:690970	-32	4128	16
13:10:693778	-32	4128	16
13:10:696593	-32	4128	16
13:10:699395	-32	4128	16
13:10:702198	-32	4128	16
13:10:705050	-32	4128	16
13:10:708017	-48	4112	32
13:10:710930	-48	4112	32
13:10:713736	-48	4112	32
13:10:716542	-48	4112	32
13:10:719362	-48	4112	32
13:10:722176	-48	4112	32
13:10:724975	-48	4112	32
13:10:727778	-32	4128	48
13:10:730579	-32	4128	48
13:10:733378	-32	4128	48
13:10:736314	-32	4128	48
13:10:739344	-32	4128	48
13:10:742313	-32	4128	48
13:10:745359	-32	4128	48
13:10:748366	-32	4160	16
13:10:751545	-32	4160	16
13:10:754394	-32	4160	16
13:10:757198	-32	4160	16
13:10:760003	-32	4160	16
13:10:762812	-32	4160	16
13:10:765674	-32	4160	16
13:10:768678	-16	4144	64
13:10:771639	-16	4144	64
13:10:774759	-16	4144	64
13:10:777739	-16	4144	64
13:10:780602	-16	4144	64
13:10:783419	-16	4144	64
13:10:786239	-16	4144	48
13:10:789045	-32	4128	48
13:10:791902	-32	4128	48
13:10:794808	-32	4128	48
13:10:797850	-32	4128	48
13:10:800838	-32	4128	48
13:10:803847	-32	4128	48
13:10:806946	-32	4128	80
13:10:809833	-48	4112	80
13:10:812689	-48	4112	80
13:10:815494	-48	4112	80
13:10:818351	-48	4112	80
13:10:821169	-48	4112	80
13:10:823972	-48	4112	80
13:10:826779	-48	4112	48
13:10:829883	-32	4112	48
13:10:832970	-32	4112	48
13:10:835991	-32	4112	48
13:10:839027	-32	4112	48
13:10:841914	-32	4112	48
13:10:844766	-32	4112	48
13:10:847634	-32	4112	32
13:10:850459	-48	4176	32
13:10:853259	-48	4176	32
13:10:856108	-48	4176	32
13:10:858912	-48	4176	32
13:10:861730	-48	4176	32
13:10:864599	-48	4176	32
13:10:867525	-48	4176	80
13:10:870415	0	4144	80
13:10:873220	0	4144	80
13:10:876023	0	4144	80
13:10:878832	0	4144	80
13:10:881635	0	4144	80
13:10:884507	0	4144	80
13:10:887441	0	4144	48
13:10:890469	-48	4160	48
13:10:893442	-48	4160	48
13:10:896450	-48	4160	48
13:10:899387	-48	4160	48
13:10:902247	-48	4160	48
13:10:905069	-48	4160	48
13:10:907872	-48	4160	64
13:10:910701	-16	4144	64
13:10:913595	-16	4144	64
13:10:916688	-16	4144	64
13:10:919650	-16	4144	64
13:10:922536	-16	4144	64
13:10:925389	-16	4144	64
13:10:928266	-16	4144	32
13:10:931215	-16	4160	32
13:10:934154	-16	4160	32
13:10:937014	-16	4160	32
13:10:939923	-16	4160	32
13:10:942947	-16	4160	32
13:10:945889	-16	4160	32
13:10:948776	-48	4128	32
13:10:951612	-48	4128	32
13:10:954423	-48	4128	32
13:10:957248	-48	4128	32
13:10:960220	-48	4128	32
13:10:963191	-48	4128	32
13:10:966131	-48	4128	32
13:10:969200	-64	4112	32
13:10:972143	-64	4112	32
13:10:975027	-64	4112	32
13:10:977864	-64	4112	32
13:10:980672	-64	4112	32
13:10:983476	-64	4112	32
13:10:986275	-64	4112	32
13:10:989094	-16	4128	32
13:10:992127	-16	4128	32
13:10:995073	-16	4128	32
13:10:997989	-16	4128	32
13:11:000907	-16	4128	32
13:11:003921	-16	4128	32
13:11:006855	-16	4128	32
13:11:009716	-32	4112	64
13:11:012525	-32	4112	64
13:11:015328	-32	4112	64
13:11:018231	-32	4112	64
13:11:021067	-32	4112	64
13:11:023989	-32	4112	64
13:11:026895	-32	4112	64
13:11:029741	-32	4112	96
13:11:032548	-32	4112	96
13:11:035348	-32	4112	96
13:11:038151	-32	4112	96
13:11:040952	-32	4112	96
13:11:043822	-32	4112	96
13:11:046781	-32	4112	96
13:11:049874	-32	4128	16
13:11:052842	-32	4128	16
13:11:055763	-32	4128	16
13:11:058724	-32	4128	16
13:11:061592	-32	4128	16
13:11:064399	-32	4128	16
13:11:067200	-32	4128	16
13:11:070008	-16	4128	0
13:11:072810	-16	4128	0
13:11:075617	-16	4128	0
13:11:078427	-16	4128	0
13:11:081281	-16	4128	0
13:11:084264	-16	4128	0
13:11:087370	-16	4128	0
13:11:090367	-48	4144	48
13:11:093362	-48	4144	48
13:11:096234	-48	4144	48
13:11:099074	-48	4144	48
13:11:101896	-48	4144	48
13:11:104697	-48	4144	48
13:11:107522	-48	4144	48
13:11:110463	-48	4128	32
13:11:113457	-48	4128	32
13:11:116440	-48	4128	32
13:11:119387	-48	4128	32
13:11:122364	-48	4128	32
13:11:125268	-48	4128	32
13:11:128099	-48	4128	32
13:11:130902	-16	4128	64
13:11:133723	-16	4128	64
13:11:136615	-16	4128	64
13:11:139564	-16	4128	64
13:11:142609	-16	4128	64
13:11:145484	-16	4128	64
13:11:148352	-16	4128	64
13:11:151294	-16	4112	32
13:11:154219	-16	4112	32
13:11:157066	-16	4112	32
13:11:159898	-16	4112	32
13:11:162804	-16	4112	32
13:11:165833	-16	4112	32
13:11:168791	-16	4112	32
13:11:171671	-32	4128	96
13:11:174503	-32	4128	96
13:11:177304	-32	4128	96
13:11:180126	-32	4128	96
13:11:183002	-32	4128	96
13:11:185935	-32	4128	96
13:11:188823	-32	4128	96
13:11:191635	-64	4112	48
13:11:194441	-64	4112	48
13:11:197240	-64	4112	48
13:11:200041	-64	4112	48
13:11:202842	-64	4112	48
13:11:205644	-64	4112	48
13:11:208549	-64	4112	48
13:11:211621	-64	4128	64
13:11:214941	-64	4128	64
13:11:218149	-64	4128	64
13:11:221046	-64	4128	64
13:11:223859	-64	4128	64
13:11:226659	-64	4128	64
13:11:229463	-64	4128	64
13:11:232374	-48	4144	64
13:11:237876	-48	4144	64
13:11:243588	-48	4144	64
13:11:249303	-48	4144	64
13:11:254970	-48	4128	48
13:11:260532	-48	4128	48
13:11:266119	-48	4128	48
13:11:271880	-48	4128	16
13:11:277472	16	4160	16
13:11:283150	16	4160	16
13:11:288940	16	4160	16
13:11:294786	-16	4160	64
13:11:300451	-16	4160	64
13:11:306070	-16	4160	64
13:11:311627	-16	4160	64
13:11:317276	-48	4128	64
13:11:323159	-48	4128	64
13:11:328900	-48	4128	64
13:11:334533	-32	4176	48
13:11:338804	-32	4176	48
13:11:343010	-32	4176	48
13:11:347218	-32	4176	48
13:11:351587	-32	4176	16
13:11:355846	-16	4144	16
13:11:359981	-16	4144	16
13:11:364112	-16	4144	16
13:11:368244	-16	4144	16
13:11:372372	-16	4144	32
13:11:376499	-32	4144	32
13:11:380695	-32	4144	32
13:11:385025	-32	4144	32
13:11:389375	-32	4144	32
13:11:393692	-32	4128	112
13:11:398058	-32	4128	112
13:11:402329	-32	4128	112
13:11:406535	-32	4128	112
13:11:410774	-32	4128	112
13:11:415226	-64	4128	32
13:11:419504	-64	4128	32
13:11:423650	-64	4128	32
13:11:427783	-64	4128	32
13:11:431908	-64	4128	64
13:11:436802	0	4144	64
13:11:442284	0	4144	64
13:11:447894	0	4144	64
13:11:453541	0	4144	48
13:11:459153	-16	4128	48
13:11:464879	-16	4128	48
13:11:470483	-16	4128	48
13:11:476087	-48	4128	16
13:11:482069	-48	4128	16
13:11:487721	-48	4128	16
13:11:493184	-48	4128	16
13:11:498643	0	4128	16
13:11:504733	0	4128	16
13:11:510453	0	4128	16
13:11:516161	-48	4144	48
13:11:521696	-48	4144	48
13:11:527167	-48	4144	48
13:11:532676	-48	4144	48
13:11:538257	-32	4112	48
13:11:544037	-32	4112	48
13:11:549865	-32	4112	48
13:11:555533	-32	4144	32
13:11:561172	-48	4144	32
13:11:566647	-48	4144	32
13:11:572302	-48	4144	32
13:11:578143	-16	4144	32
13:11:583934	-16	4144	32
13:11:589624	-16	4144	32
13:11:595336	-16	4144	64
13:11:600981	-32	4176	64
13:11:606542	-32	4176	64
13:11:612205	-32	4176	64
13:11:618249	-48	4128	80
13:11:626062	-48	4128	80
13:11:631656	-48	4128	80
13:11:637213	-64	4176	64
13:11:642842	-64	4176	64
13:11:648610	-64	4176	64
13:11:654240	-64	4176	48
13:11:659998	-32	4160	48
13:11:665587	-32	4160	48
13:11:671196	-32	4160	48
13:11:677012	-32	4096	16
13:11:682776	-32	4096	16
13:11:688255	-32	4096	16
13:11:693851	-32	4096	16
13:11:699623	-32	4160	16
13:11:705332	-32	4160	16
13:11:710982	-32	4160	16
13:11:716597	-32	4112	80
13:11:722285	-32	4112	80
13:11:728061	-32	4112	80
13:11:733691	-32	4112	80
13:11:738563	-32	4176	48
13:11:742826	-32	4176	48
13:11:747023	-32	4176	48
13:11:751169	-32	4176	48
13:11:755301	-32	4176	64
13:11:759435	-16	4128	64
13:11:763565	-16	4128	64
13:11:767786	-16	4128	64
13:11:772095	-16	4128	64
13:11:776276	240	4128	16
13:11:780408	0	4128	16
13:11:784570	0	4128	16
13:11:788809	0	4128	16
13:11:793067	0	4128	16
13:11:799123	-32	4144	16
13:11:803624	-32	4144	16
13:11:807975	-32	4144	16
13:11:812166	-32	4144	16
13:11:816351	-32	4144	0
13:11:820625	-48	4128	0
13:11:825006	-48	4128	0
13:11:830195	-48	4128	0
13:11:836733	-48	4128	16
13:11:842695	-16	4144	16
13:11:848436	-16	4144	16
13:11:854162	-16	4144	16
13:11:859870	-32	4160	80
13:11:865830	-32	4160	80
13:11:871645	-32	4160	80
13:11:877162	-32	4160	32
13:11:882616	-16	4144	32
13:11:888350	-16	4144	32
13:11:894120	-16	4144	32
13:11:900141	-64	4144	16
13:11:905917	-64	4144	16
13:11:911559	-64	4144	16
13:11:917130	-64	4144	48
13:11:922791	-32	4160	48
13:11:928750	-32	4160	48
13:11:934701	-32	4160	48
13:11:939258	16	4144	16
13:11:943400	16	4144	16
13:11:947658	16	4144	16
13:11:951998	16	4144	16
13:11:956320	16	4144	32
13:11:960634	-48	4144	32
13:11:964986	-48	4144	32
13:11:969288	-48	4144	32
13:11:973492	-48	4144	32
13:11:977817	-48	4096	16
13:11:982136	-32	4096	16
13:11:986375	-32	4096	16
13:11:990592	-32	4096	16
13:11:994871	-32	4096	16
13:11:999166	-48	4144	32
13:12:003368	-48	4144	32
13:12:007529	-48	4144	32
13:12:011726	-48	4144	32
13:12:015879	-48	4144	32
13:12:020095	-48	4160	0
13:12:024460	-48	4160	0
13:12:028839	-48	4160	0
13:12:034808	-48	4160	0
13:12:039932	-32	4128	48
13:12:045451	-32	4128	48
13:12:050920	-32	4128	48
13:12:056456	-32	4128	48
13:12:062151	0	4144	48
13:12:067792	0	4144	48
13:12:073327	0	4144	48
13:12:079536	0	4176	32
13:12:085173	-48	4176	32
13:12:090847	-48	4176	32
13:12:096528	-48	4176	32
13:12:102051	-16	4112	48
13:12:107514	-16	4112	48
13:12:113041	-16	4112	48
13:12:118618	-16	4112	32
13:12:124229	0	4144	32
13:12:129918	0	4144	32
13:12:135605	0	4144	32
13:12:141360	-32	4112	64
13:12:146926	-32	4112	64
13:12:152477	-32	4112	64
13:12:158135	-32	4112	64
13:12:163820	-48	4128	64
13:12:169516	-48	4128	64
13:12:175159	-48	4128	64
13:12:180731	208	4096	16
13:12:186292	0	4096	16
13:12:192024	0	4096	16
13:12:197786	0	4096	16
13:12:203435	-48	4112	48
13:12:209091	-48	4112	48
13:12:214643	-48	4112	48
13:12:220550	-48	4112	64
13:12:226294	-32	4112	64
13:12:231906	-32	4112	64
13:12:237777	-32	4112	64
13:12:242139	-32	4144	32
13:12:246316	-32	4144	32
13:12:250526	-32	4144	32
13:12:255005	-32	4144	32
13:12:259539	-32	4144	32
13:12:264007	-32	4144	32
13:12:268496	-32	4144	32
13:12:272883	-32	4144	32
13:12:277243	-32	4144	32
13:12:281657	-32	4080	80
13:12:286082	-32	4080	80
13:12:290346	-32	4080	80
13:12:294561	-32	4080	80
13:12:298774	-32	4080	80
13:12:303076	-32	4128	64
13:12:307350	-32	4128	64
13:12:311597	-32	4128	64
13:12:315965	-32	4128	64
13:12:320415	-32	4128	32
13:12:324774	-48	4128	32
13:12:329167	-48	4128	32
13:12:333625	-48	4128	32
13:12:338035	-48	4128	32
13:12:342268	-16	4176	32
13:12:346552	-16	4176	32
13:12:350825	-16	4176	32
13:12:355198	-16	4176	32
13:12:359525	-16	4176	32
13:12:363710	0	4128	32
13:12:367993	0	4128	32
13:12:372404	0	4128	32
13:12:377035	0	4128	32
13:12:381616	-256	4112	64
13:12:385989	-32	4112	64
13:12:390385	-32	4112	64
13:12:394726	-32	4112	64
13:12:399024	-32	4112	64
13:12:403206	-16	4176	32
13:12:407512	-16	4176	32
13:12:412041	-16	4176	32
13:12:416416	-16	4176	32
13:12:420693	-16	4176	16
13:12:424968	-64	4096	16
13:12:429148	-64	4096	16
13:12:433781	-64	4096	16
13:12:438383	-64	4096	16
13:12:444493	0	4144	16
13:12:450640	0	4144	16
13:12:457762	0	4144	16
13:12:464166	-32	4144	80
13:12:471077	-32	4144	80
13:12:476934	-32	4144	80
13:12:482685	-32	4144	48
13:12:488665	-32	4112	48
13:12:494510	-32	4112	48
13:12:500459	-32	4112	48
13:12:506213	0	4144	16
13:12:512016	0	4144	16
13:12:517801	0	4144	16
13:12:523303	-256	4128	48
13:12:528778	-48	4128	48
13:12:534418	-48	4128	48
13:12:540202	-48	4128	48
13:12:544526	-16	4128	48
13:12:548845	-16	4128	48
13:12:553082	-16	4128	48
13:12:557247	-16	4128	48
13:12:561377	-16	4128	48
13:12:565571	-32	4112	48
13:12:569884	-32	4112	48
13:12:574785	-32	4112	48
13:12:579318	-32	4112	48
13:12:583726	-48	4112	16
13:12:588071	-48	4112	16
13:12:592379	-48	4112	16
13:12:596813	-48	4112	16
13:12:601340	-48	4112	16
13:12:605860	-32	4160	48
13:12:610423	-32	4160	48
13:12:614857	-32	4160	48
13:12:619201	-32	4160	48
13:12:623516	-32	4128	48
13:12:627902	-16	4128	48
13:12:632327	-16	4128	48
13:12:636958	-16	4128	48
13:12:641432	-16	4128	48
13:12:645765	-48	4160	48
13:12:649980	-48	4160	48
13:12:654277	-48	4160	48
13:12:658727	-48	4160	48
13:12:663124	-48	4160	32
13:12:667529	-48	4112	32
13:12:672117	-48	4112	32
13:12:676435	-48	4112	32
13:12:680789	-48	4112	32
13:12:685511	0	4128	0
13:12:691656	0	4128	0
13:12:695955	0	4128	0
13:12:700382	0	4128	0
13:12:704870	-32	4128	16
13:12:709187	-32	4128	16
13:12:713335	-32	4128	16
13:12:717561	-32	4128	16
13:12:721940	-32	4128	16
13:12:726244	-16	4144	112
13:12:730565	-16	4144	112
13:12:737323	-16	4144	112
13:12:742588	-16	4144	112
13:12:747704	-64	4144	16
13:12:752907	-64	4144	16
13:12:758273	-64	4144	16
13:12:764609	-64	4144	32
13:12:769062	-64	4176	32
13:12:773367	-64	4176	32
13:12:777743	-64	4176	32
13:12:782055	-64	4176	32
13:12:786299	0	4144	32
13:12:790485	0	4144	32
13:12:794686	0	4144	32
13:12:799030	0	4144	32
13:12:803289	0	4144	16
13:12:807418	0	4160	16
13:12:811565	0	4160	16
13:12:815787	0	4160	16
13:12:820133	0	4160	16
13:12:824654	0	4160	48
13:12:829048	-48	4144	48
13:12:833400	-48	4144	48
13:12:837627	-48	4144	48
13:12:842585	-48	4144	48
13:12:848251	-64	4128	32
13:12:854102	-64	4128	32
13:12:859833	-64	4128	32
13:12:865707	-64	4128	16
13:12:871557	-48	4144	16
13:12:877274	-48	4144	16
13:12:882908	-48	4144	16
13:12:888691	-64	4160	64
13:12:894390	-64	4160	64
13:12:900110	-64	4160	64
13:12:905828	-64	4160	80
13:12:911622	-48	4112	80
13:12:917236	-48	4112	80
13:12:922841	-48	4112	80
13:12:928662	-32	4096	32
13:12:934305	-32	4096	32
13:12:939869	-32	4096	32
13:12:944429	-32	4096	32
13:12:948783	-48	4112	32
13:12:953130	-48	4112	32
13:12:957518	-48	4112	32
13:12:962047	-48	4112	32
13:12:966263	-48	4160	96
13:12:970524	-48	4160	96
13:12:974953	-48	4160	96
13:12:979282	-48	4160	96
13:12:983520	-48	4160	96
13:12:987773	-32	4144	16
13:12:992219	-32	4144	16
13:12:996495	-32	4144	16
13:13:000701	-32	4144	16
13:13:005000	-32	4144	80
13:13:009391	-48	4160	80
13:13:013698	-48	4160	80
13:13:017947	-48	4160	80
13:13:022337	-48	4160	80
13:13:026628	208	4144	0
13:13:030872	0	4144	0
13:13:035014	0	4144	0
13:13:039169	0	4144	0
13:13:043296	0	4144	0
13:13:047425	-32	4128	16
13:13:051654	-32	4128	16
13:13:056114	-32	4128	16
13:13:060472	-32	4128	16
13:13:064869	-32	4128	16
13:13:069209	-48	4208	32
13:13:073446	-48	4208	32
13:13:077678	-48	4208	32
13:13:081870	-48	4208	32
13:13:086221	-48	4208	48
13:13:090582	-16	4144	48
13:13:094939	-16	4144	48
13:13:099380	-16	4144	48
13:13:103669	-16	4144	48
13:13:107877	-16	4144	32
13:13:112040	-16	4144	32
13:13:116275	-16	4144	32
13:13:120614	-16	4144	32
13:13:124906	-16	4144	32
13:13:129191	16	4112	64
13:13:133581	16	4112	64
13:13:137970	16	4112	64
13:13:142879	16	4112	64
13:13:148616	16	4128	64
13:13:154764	0	4128	64
13:13:160767	0	4128	64
13:13:166592	0	4128	64
13:13:172409	0	4144	48
13:13:178151	0	4144	48
13:13:183947	0	4144	48
13:13:189627	0	4112	16
13:13:195257	0	4112	16
13:13:201205	0	4112	16
13:13:207045	0	4112	0
13:13:212815	0	4144	0
13:13:218890	0	4144	0
13:13:224772	0	4144	0
13:13:230594	-48	4128	64
13:13:236337	-48	4128	64
13:13:242143	-48	4128	64
13:13:246592	-48	4128	64
13:13:251075	0	4160	0
13:13:255464	0	4160	0
13:13:259961	0	4160	0
13:13:264356	0	4160	0
13:13:268700	-256	4144	16
13:13:273089	-32	4144	16
13:13:277477	-32	4144	16
13:13:282006	-32	4144	16
13:13:286468	-32	4144	16
13:13:290916	-48	4112	64
13:13:295335	-48	4112	64
13:13:299726	-48	4112	64
13:13:304019	-48	4112	64
13:13:310107	-48	4112	64
13:13:314460	-64	4128	64
13:13:318770	-64	4128	64
13:13:323045	-64	4128	64
13:13:327291	-64	4128	64
13:13:331593	-64	4112	48
13:13:335835	-64	4112	48
13:13:340036	-64	4112	48
13:13:344426	-64	4112	48
13:13:348925	-64	4112	64
13:13:353328	0	4144	64
13:13:369829	0	4128	80
13:13:374250	-64	4128	80
13:13:378644	-64	4128	80
13:13:382859	-64	4128	80
13:13:387174	-64	4128	80
13:13:391495	-48	4144	80
13:13:401427	-48	4144	80
13:13:405730	-48	4144	80
13:13:410019	-48	4160	64
13:13:414198	-64	4160	64
13:13:418335	-64	4160	64
13:13:422471	-64	4160	64
13:13:426601	-64	4160	64
13:13:430811	-64	4160	0
13:13:435241	-64	4160	0
13:13:440222	-64	4160	0
13:13:444638	-64	4160	0
13:13:448929	-64	4160	32
13:13:453131	-48	4144	32
13:13:457266	-48	4144	32
13:13:461403	-48	4144	32
13:13:465564	-48	4144	32
13:13:469809	-48	4144	32
13:13:474138	0	4128	32
13:13:478322	0	4128	32
13:13:482453	0	4128	32
13:13:486580	0	4128	32
13:13:490769	-256	4112	80
13:13:495056	-32	4112	80
13:13:499545	-32	4112	80
13:13:504070	-32	4112	80
13:13:508412	-32	4112	80
13:13:512556	-32	4144	32
13:13:516686	-32	4144	32
13:13:520830	-32	4144	32
13:13:524970	-32	4144	32
13:13:529126	-32	4144	32
13:13:533365	0	4160	64
13:13:537734	0	4160	64
13:13:541980	0	4160	64
13:13:547347	0	4160	64
13:13:552887	-32	4128	48
13:13:558540	-32	4128	48
13:13:564326	-32	4128	48
13:13:570241	-32	4128	32
13:13:575973	-32	4096	32
13:13:581598	-32	4096	32
13:13:587393	-32	4096	32
13:13:593094	-32	4096	32
13:13:598738	-16	4096	32
13:13:604378	-16	4096	32
13:13:609990	-16	4096	32
13:13:615601	-48	4128	96
13:13:621364	-48	4128	96
13:13:627074	-48	4128	96
13:13:632881	-48	4128	80
13:13:638631	-16	4128	80
13:13:644321	-16	4128	80
13:13:648647	-16	4128	80
13:13:652911	0	4128	32
13:13:657131	0	4128	32
13:13:661455	0	4128	32
13:13:665709	0	4128	32
13:13:669868	0	4128	32
13:13:674078	-32	4144	16
13:13:678415	-32	4144	16
13:13:682803	-32	4144	16
13:13:687088	-32	4144	16
13:13:691359	-32	4144	16
13:13:695946	-48	4160	16
13:13:700233	-48	4160	16
13:13:704395	-48	4160	16
13:13:708533	-48	4160	16
13:13:712665	-48	4128	64
