TimeNow		X-Axis	Y-Axis	Z-Axis
17:40:004611	-64	4112	64
17:40:008943	-64	4112	64
17:40:013246	-64	4112	64
17:40:017724	-64	4112	64
17:40:022212	-48	4128	80
17:40:026596	-48	4128	80
17:40:030614	-48	4128	80
17:40:033784	-48	4128	80
17:40:036775	-48	4128	80
17:40:039637	-64	4144	32
17:40:042534	-64	4144	32
17:40:045457	-64	4144	32
17:40:048713	-64	4144	32
17:40:051750	-64	4144	32
17:40:054812	-64	4144	32
17:40:057766	-64	4144	32
17:40:060662	-16	4160	32
17:40:063524	-16	4160	32
17:40:066470	-16	4160	32
17:40:069445	-16	4160	32
17:40:072388	-16	4160	32
17:40:075355	-16	4160	32
17:40:078281	-16	4160	32
17:40:081180	-48	4160	32
17:40:084089	-48	4160	32
17:40:086997	-48	4160	32
17:40:089914	-48	4160	32
17:40:092904	-48	4160	32
17:40:095849	-48	4160	32
17:40:098904	-48	4160	48
17:40:101817	-64	4112	48
17:40:104721	-64	4112	48
17:40:107677	-64	4112	48
17:40:110544	-64	4112	48
17:40:113444	-64	4112	48
17:40:116579	-64	4112	48
17:40:119594	-64	4112	64
17:40:122674	-32	4096	64
17:40:125782	-32	4096	64
17:40:128794	-32	4096	64
17:40:131912	-32	4096	64
17:40:135006	-32	4096	64
17:40:138056	-32	4096	64
17:40:141027	-64	4112	96
17:40:144006	-64	4112	96
17:40:146906	-64	4112	96
17:40:149714	-64	4112	96
17:40:152521	-64	4112	96
17:40:155319	-64	4112	96
17:40:158213	-64	4112	96
17:40:161250	-64	4128	64
17:40:164277	-64	4128	64
17:40:167151	-64	4128	64
17:40:169956	-64	4128	64
17:40:172762	-64	4128	64
17:40:175641	-64	4128	64
17:40:178560	-64	4128	64
17:40:181427	-64	4112	64
17:40:184320	-64	4112	64
17:40:187242	-64	4112	64
17:40:190174	-64	4112	64
17:40:193166	-64	4112	64
17:40:196214	-64	4112	64
17:40:199199	-64	4112	64
17:40:202119	-32	4112	96
17:40:205014	-32	4112	96
17:40:207931	-32	4112	96
17:40:210850	-32	4112	96
17:40:213758	-32	4112	96
17:40:216662	-32	4112	96
17:40:219684	-32	4112	80
17:40:222795	-48	4160	80
17:40:225896	-48	4160	80
17:40:229149	-48	4160	80
17:40:232494	-48	4160	80
17:40:235557	-48	4160	80
17:40:238605	-48	4160	80
17:40:241499	48	4128	64
17:40:244348	48	4128	64
17:40:247162	48	4128	64
17:40:250016	48	4128	64
17:40:253096	48	4128	64
17:40:256266	48	4128	64
17:40:259616	48	4128	64
17:40:262680	64	4112	64
17:40:265755	64	4112	64
17:40:268788	64	4112	64
17:40:271681	64	4112	64
17:40:274536	64	4112	64
17:40:277347	64	4112	64
17:40:280170	64	4112	96
17:40:282973	80	4112	96
17:40:285893	80	4112	96
17:40:288892	80	4112	96
17:40:291951	80	4112	96
17:40:294929	80	4112	96
17:40:297906	80	4112	96
17:40:300989	80	4112	128
17:40:304214	16	4112	128
17:40:307210	16	4112	128
17:40:310123	16	4112	128
17:40:313007	16	4112	128
17:40:315856	16	4112	128
17:40:318698	16	4112	128
17:40:321663	-240	4144	96
17:40:324679	-112	4144	96
17:40:327548	-112	4144	96
17:40:330396	-112	4144	96
17:40:333197	-112	4144	96
17:40:335996	-112	4144	96
17:40:338798	-112	4144	96
17:40:341613	-368	4144	16
17:40:344428	-304	4144	16
17:40:347230	-304	4144	16
17:40:350064	-304	4144	16
17:40:353041	-304	4144	16
17:40:356159	-304	4144	16
17:40:359217	-304	4144	16
17:40:362229	-240	4144	64
17:40:365288	-240	4144	64
17:40:368321	-240	4144	64
17:40:371516	-240	4144	64
17:40:374605	-240	4144	64
17:40:377646	-240	4144	64
17:40:380605	-240	4144	64
17:40:383654	-208	4128	80
17:40:386791	-208	4128	80
17:40:389870	-208	4128	80
17:40:392851	-208	4128	80
17:40:395773	-208	4128	80
17:40:398625	-208	4128	80
17:40:401461	-208	4128	96
17:40:404364	-128	4128	96
17:40:407310	-128	4128	96
17:40:410282	-128	4128	96
17:40:413584	-128	4128	96
17:40:416800	-128	4128	96
17:40:419930	-128	4128	96
17:40:423023	-64	4144	96
17:40:426171	-64	4144	96
17:40:429246	-64	4144	96
17:40:432272	-64	4144	96
17:40:435234	-64	4144	96
17:40:438157	-64	4144	96
17:40:441075	-64	4144	96
17:40:443997	-48	4128	96
17:40:446953	-48	4128	96
17:40:449983	-48	4128	96
17:40:452946	-48	4128	96
17:40:455865	-48	4128	96
17:40:458767	-48	4128	96
17:40:461678	-48	4128	128
17:40:464529	-32	4160	128
17:40:467338	-32	4160	128
17:40:470194	-32	4160	128
17:40:473110	-32	4160	128
17:40:476197	-32	4160	128
17:40:479447	-32	4160	128
17:40:482556	-32	4160	80
17:40:485674	-48	4112	80
17:40:488709	-48	4112	80
17:40:491576	-48	4112	80
17:40:494407	-48	4112	80
17:40:497206	-48	4112	80
17:40:500083	-48	4112	80
17:40:502965	-48	4096	96
17:40:505939	-64	4096	96
17:40:508934	-64	4096	96
17:40:512141	-64	4096	96
17:40:515452	-64	4096	96
17:40:518528	-64	4096	96
17:40:521595	-64	4096	96
17:40:524590	-48	4112	64
17:40:527545	-48	4112	64
17:40:530566	-48	4112	64
17:40:533600	-48	4112	64
17:40:536560	-48	4112	64
17:40:539482	-48	4112	64
17:40:542427	-48	4112	80
17:40:545488	-48	4144	80
17:40:548444	-48	4144	80
17:40:551346	-48	4144	80
17:40:554256	-48	4144	80
17:40:557180	-48	4144	80
17:40:560094	-48	4144	80
17:40:563005	-48	4144	32
17:40:565911	-48	4112	32
17:40:568822	-48	4112	32
17:40:571857	-48	4112	32
17:40:574963	-48	4112	32
17:40:578053	-48	4112	32
17:40:581095	-48	4112	32
17:40:584101	0	4144	32
17:40:587146	0	4144	32
17:40:590194	0	4144	32
17:40:593168	0	4144	32
17:40:596051	0	4144	32
17:40:598963	0	4144	32
17:40:601803	0	4144	32
17:40:604703	-48	4112	48
17:40:607782	-48	4112	48
17:40:610783	-48	4112	48
17:40:613891	-48	4112	48
17:40:616995	-48	4112	48
17:40:620058	-48	4112	48
17:40:623015	-48	4112	16
17:40:626026	-48	4096	16
17:40:628957	-48	4096	16
17:40:631902	-48	4096	16
17:40:634892	-48	4096	16
17:40:637959	-48	4096	16
17:40:641013	-48	4096	16
17:40:643938	208	4096	32
17:40:646844	16	4128	32
17:40:649692	16	4128	32
17:40:652566	16	4128	32
17:40:655480	16	4128	32
17:40:658523	16	4128	32
17:40:661568	16	4128	32
17:40:664700	32	4128	80
17:40:667763	32	4128	80
17:40:670866	32	4128	80
17:40:673979	32	4128	80
17:40:676927	32	4128	80
17:40:679875	32	4128	80
17:40:682863	32	4128	80
17:40:685690	48	4160	48
17:40:688571	48	4160	48
17:40:691503	48	4160	48
17:40:694512	48	4160	48
17:40:697481	48	4160	48
17:40:700662	48	4160	48
17:40:703889	48	4160	96
17:40:706991	0	4160	96
17:40:710064	0	4160	96
17:40:713036	0	4160	96
17:40:715982	0	4160	96
17:40:718877	0	4160	96
17:40:721826	0	4160	96
17:40:724784	-256	4144	128
17:40:727720	-48	4144	128
17:40:730602	-48	4144	128
17:40:733632	-48	4144	128
17:40:737753	-48	4144	128
17:40:742199	-48	4144	128
17:40:746725	0	4112	112
17:40:751242	0	4112	112
17:40:755575	0	4112	112
17:40:759971	0	4112	112
17:40:764248	0	4112	80
17:40:768540	-96	4160	80
17:40:772823	-96	4160	80
17:40:777089	-96	4160	80
17:40:781271	-96	4160	80
17:40:785531	-96	4160	64
17:40:789788	-112	4144	64
17:40:794031	-112	4144	64
17:40:798562	-112	4144	64
17:40:803136	-112	4144	64
17:40:807684	-160	4128	64
17:40:812130	-160	4128	64
17:40:816461	-160	4128	64
17:40:821004	-160	4128	64
17:40:825393	-160	4128	32
17:40:829876	-144	4096	32
17:40:834326	-144	4096	32
17:40:838762	-144	4096	32
17:40:843079	-144	4096	32
17:40:847422	-208	4080	48
17:40:852057	-208	4080	48
17:40:856398	-208	4080	48
17:40:860809	-208	4080	48
17:40:865324	-208	4080	48
17:40:869714	-192	4112	48
17:40:874044	-192	4112	48
17:40:878323	-192	4112	48
17:40:882586	-192	4112	48
17:40:886762	-192	4112	128
17:40:891020	-144	4112	128
17:40:895379	-144	4112	128
17:40:899821	-144	4112	128
17:40:904266	-144	4112	128
17:40:908584	-176	4160	112
17:40:912840	-176	4160	112
17:40:917277	-176	4160	112
17:40:921958	-176	4160	112
17:40:926368	-176	4160	96
17:40:931007	-160	4176	96
17:40:935445	-160	4176	96
17:40:939848	-160	4176	96
17:40:944227	-160	4176	96
17:40:948482	-208	4160	96
17:40:952751	-208	4160	96
17:40:957083	-208	4160	96
17:40:961523	-208	4160	96
17:40:966180	-208	4160	112
17:40:970627	-128	4128	112
17:40:975105	-128	4128	112
17:40:979665	-128	4128	112
17:40:984054	-128	4128	112
17:40:988511	-128	4112	96
17:40:993067	-128	4112	96
17:40:997389	-128	4112	96
17:41:001866	-128	4112	96
17:41:006293	-128	4112	80
17:41:010623	-160	4128	80
17:41:014978	-160	4128	80
17:41:019431	-160	4128	80
17:41:023852	-160	4128	80
17:41:028386	-160	4112	96
17:41:032781	-160	4112	96
17:41:036989	-160	4112	96
17:41:041138	-160	4112	96
17:41:045285	-160	4112	96
17:41:049543	-128	4224	80
17:41:053885	-128	4224	80
17:41:058257	-128	4224	80
17:41:062657	-128	4224	80
17:41:067085	-128	4224	128
17:41:071553	-160	4160	128
17:41:075824	-160	4160	128
17:41:080059	-160	4160	128
17:41:084246	-160	4160	128
17:41:088505	-160	4112	144
17:41:093161	-176	4112	144
17:41:097453	-176	4112	144
17:41:101592	-176	4112	144
17:41:105729	-176	4112	144
17:41:109979	-176	4080	80
17:41:114310	-176	4080	80
17:41:118700	-176	4080	80
17:41:123203	-176	4080	80
17:41:127741	-176	4080	80
17:41:132205	-176	4096	80
17:41:136480	-176	4096	80
17:41:140705	-176	4096	80
17:41:144919	-176	4096	80
17:41:149133	-176	4144	128
17:41:153502	-160	4144	128
17:41:157942	-160	4144	128
17:41:162231	-160	4144	128
17:41:166367	-160	4144	128
17:41:170500	-112	4176	112
17:41:174644	-112	4176	112
17:41:178779	-112	4176	112
17:41:182949	-112	4176	112
17:41:187232	-112	4176	112
17:41:191636	-176	4192	192
17:41:195921	-176	4192	192
17:41:200195	-176	4192	192
17:41:204516	-176	4192	192
17:41:208860	-176	4192	144
17:41:213428	-192	4144	144
17:41:217853	-192	4144	144
17:41:222370	-192	4144	144
17:41:226730	-192	4144	144
17:41:230939	-208	4096	112
17:41:235144	-208	4096	112
17:41:239367	-208	4096	112
17:41:243529	-208	4096	112
17:41:247743	-208	4096	112
17:41:252126	-128	4096	96
17:41:256404	-128	4096	96
17:41:260693	-128	4096	96
17:41:265011	-128	4096	96
17:41:269392	-128	4096	80
17:41:273768	-80	4144	80
17:41:278058	-80	4144	80
17:41:282447	-80	4144	80
17:41:286903	-80	4144	80
17:41:291199	-80	4080	96
17:41:295423	-80	4080	96
17:41:299778	-80	4080	96
17:41:304107	-80	4080	96
17:41:308493	-80	4080	96
17:41:312955	-112	4160	96
17:41:317476	-112	4160	96
17:41:321898	-112	4160	96
17:41:326232	-112	4160	96
17:41:330431	-112	4128	128
17:41:334621	-208	4128	128
17:41:338826	-208	4128	128
17:41:343036	-208	4128	128
17:41:347383	-208	4128	128
17:41:351717	-240	4160	80
17:41:356133	-240	4160	80
17:41:360448	-240	4160	80
17:41:364787	-240	4160	80
17:41:369169	-240	4160	80
17:41:373474	-224	4144	16
17:41:377834	-224	4144	16
17:41:382287	-224	4144	16
17:41:386545	-224	4144	16
17:41:390751	-224	4144	80
17:41:394957	-224	4160	80
17:41:399147	-224	4160	80
17:41:403282	-224	4160	80
17:41:407470	-224	4160	80
17:41:411897	-224	4144	96
17:41:416164	-224	4144	96
17:41:420460	-224	4144	96
17:41:424760	-224	4144	96
17:41:429110	-224	4144	96
17:41:433468	-240	4128	16
17:41:437793	-240	4128	16
17:41:442207	-240	4128	16
17:41:446623	-240	4128	16
17:41:450975	-240	4128	80
17:41:455312	-240	4160	80
17:41:459678	-240	4160	80
17:41:464016	-240	4160	80
17:41:468374	-240	4160	80
17:41:472777	-272	4112	64
17:41:477231	-272	4112	64
17:41:481523	-272	4112	64
17:41:485726	-272	4112	64
17:41:489924	-272	4112	64
17:41:494101	-304	4160	144
17:41:498232	-304	4160	144
17:41:502388	-304	4160	144
17:41:506662	-304	4160	144
17:41:511076	-304	4160	112
17:41:515441	-352	4160	112
17:41:519744	-352	4160	112
17:41:524096	-352	4160	112
17:41:528471	-352	4160	112
17:41:532749	-320	4112	112
17:41:537103	-320	4112	112
17:41:541527	-320	4112	112
17:41:545864	-320	4112	112
17:41:550053	-320	4112	112
17:41:554249	-352	4160	96
17:41:558413	-352	4160	96
17:41:562546	-352	4160	96
17:41:566733	-352	4160	96
17:41:571036	-352	4160	64
17:41:575397	-256	4128	64
17:41:579684	-256	4128	64
17:41:583826	-256	4128	64
17:41:588036	-256	4128	64
17:41:592346	-256	4128	96
17:41:596685	-256	4176	96
17:41:601192	-256	4176	96
17:41:605646	-256	4176	96
17:41:609980	-256	4176	96
17:41:614204	-256	4176	128
17:41:618405	-256	4176	128
17:41:622571	-256	4176	128
17:41:626699	-256	4176	128
17:41:630879	-256	4176	128
17:41:635183	-320	4208	128
17:41:639585	-320	4208	128
17:41:643870	-320	4208	128
17:41:648027	-320	4208	128
17:41:652160	-320	4208	128
17:41:656292	-368	4176	128
17:41:660424	-368	4176	128
17:41:664668	-368	4176	128
17:41:669048	-368	4176	128
17:41:673326	-368	4144	64
17:41:677468	-416	4144	64
17:41:681650	-416	4144	64
17:41:685804	-416	4144	64
17:41:689956	-416	4144	64
17:41:694158	-368	4112	112
17:41:698464	-368	4112	112
17:41:702844	-368	4112	112
17:41:707149	-368	4112	112
17:41:711312	-368	4112	112
17:41:715462	-368	4128	48
17:41:719620	-368	4128	48
17:41:723766	-368	4128	48
17:41:728043	-368	4128	48
17:41:732427	-368	4128	96
17:41:736712	-304	4160	96
17:41:741350	-304	4160	96
17:41:746864	-304	4160	96
17:41:752362	-304	4160	96
17:41:757895	-256	4144	96
17:41:763531	-256	4144	96
17:41:769145	-256	4144	96
17:41:774772	-256	4144	160
17:41:780399	-256	4128	160
17:41:786082	-256	4128	160
17:41:791910	-256	4128	160
17:41:797849	-240	4160	128
17:41:803565	-240	4160	128
17:41:809280	-240	4160	128
17:41:815104	-240	4160	160
17:41:820886	-288	4144	160
17:41:826645	-288	4144	160
17:41:832568	-288	4144	160
17:41:838404	-368	4176	160
17:41:843149	-368	4176	160
17:41:847419	-368	4176	160
17:41:851692	-368	4176	160
17:41:855951	-368	4128	80
17:41:860392	-368	4128	80
17:41:864817	-368	4128	80
17:41:869114	-368	4128	80
17:41:873409	-368	4128	32
17:41:877749	-432	4160	32
17:41:882029	-432	4160	32
17:41:886319	-432	4160	32
17:41:890676	-432	4160	32
17:41:895077	-432	4160	80
17:41:899336	-432	4160	80
17:41:903589	-432	4160	80
17:41:907905	-432	4160	80
17:41:912310	-432	4160	80
17:41:916772	-416	4128	16
17:41:921288	-416	4128	16
17:41:925743	-416	4128	16
17:41:930136	-416	4128	16
17:41:934608	-416	4128	96
17:41:939063	-400	4112	96
17:41:943369	-400	4112	96
17:41:947563	-400	4112	96
17:41:951768	-400	4112	96
17:41:956047	-400	4128	64
17:41:960292	-384	4128	64
17:41:964488	-384	4128	64
17:41:968687	-384	4128	64
17:41:973107	-384	4128	64
17:41:977653	-416	4160	48
17:41:982299	-416	4160	48
17:41:986888	-416	4160	48
17:41:991407	-416	4160	48
17:41:996032	-416	4112	64
17:42:000373	-400	4112	64
17:42:004703	-400	4112	64
17:42:009034	-400	4112	64
17:42:013317	-400	4112	64
17:42:017921	-368	4096	144
17:42:022398	-368	4096	144
17:42:026845	-368	4096	144
17:42:031311	-368	4096	144
17:42:035938	-368	4096	144
17:42:040827	-416	4128	144
17:42:045244	-416	4128	144
17:42:049767	-416	4128	144
17:42:054277	-416	4128	144
17:42:058720	-400	4144	112
17:42:063094	-400	4144	112
17:42:067429	-400	4144	112
17:42:071751	-400	4144	112
17:42:078398	-400	4144	128
17:42:082975	-384	4160	128
17:42:087416	-384	4160	128
17:42:096167	-384	4160	128
17:42:100834	-384	4144	80
17:42:105485	-384	4144	80
17:42:109906	-384	4144	80
17:42:114255	-384	4144	80
17:42:118642	-384	4160	64
17:42:123031	-384	4160	64
17:42:127236	-384	4160	64
17:42:131416	-384	4160	64
17:42:135553	-384	4160	96
17:42:139762	-400	4096	96
17:42:143184	-400	4096	96
17:42:146148	-400	4096	96
17:42:149103	-400	4096	96
17:42:152097	-400	4096	96
17:42:155156	-400	4096	96
17:42:158180	-464	4128	96
17:42:161109	-464	4128	96
17:42:163993	-464	4128	96
17:42:166856	-464	4128	96
17:42:169718	-464	4128	96
17:42:172585	-464	4128	96
17:42:175495	-464	4128	96
17:42:178448	-448	4128	96
17:42:181316	-448	4128	96
17:42:184124	-448	4128	96
17:42:186926	-448	4128	96
17:42:189745	-448	4128	96
17:42:192553	-448	4128	96
17:42:195361	-448	4128	96
17:42:198162	-432	4128	128
17:42:200962	-432	4128	128
17:42:203760	-432	4128	128
17:42:206570	-432	4128	128
17:42:209458	-432	4128	128
17:42:212396	-432	4128	128
17:42:215282	-432	4128	128
17:42:218142	-464	4144	112
17:42:221062	-464	4144	112
17:42:224051	-464	4144	112
17:42:227080	-464	4144	112
17:42:230175	-464	4144	112
17:42:233107	-464	4144	112
17:42:235981	-464	4144	80
17:42:238906	-464	4144	80
17:42:241892	-464	4144	80
17:42:244976	-464	4144	80
17:42:247902	-464	4144	80
17:42:250825	-464	4144	80
17:42:253803	-464	4144	80
17:42:256859	-464	4144	80
17:42:259837	-496	4096	80
17:42:262753	-496	4096	80
17:42:265643	-496	4096	80
17:42:268513	-496	4096	80
17:42:271375	-496	4096	80
17:42:274371	-496	4096	80
17:42:277294	-496	4096	160
17:42:280179	-464	4112	160
17:42:283005	-464	4112	160
17:42:286014	-464	4112	160
17:42:289016	-464	4112	160
17:42:292018	-464	4112	160
17:42:295269	-464	4112	160
17:42:298232	-512	4112	96
17:42:301142	-512	4112	96
17:42:304125	-512	4112	96
17:42:307262	-512	4112	96
17:42:310265	-512	4112	96
17:42:313140	-512	4112	96
17:42:315993	-512	4112	96
17:42:318796	-464	4080	144
17:42:321612	-464	4080	144
17:42:324410	-464	4080	144
17:42:327209	-464	4080	144
17:42:330008	-464	4080	144
17:42:332821	-464	4080	144
17:42:335686	-464	4080	144
17:42:338649	-464	4112	96
17:42:341605	-464	4112	96
17:42:344520	-464	4112	96
17:42:347468	-464	4112	96
17:42:350522	-464	4112	96
17:42:353628	-464	4112	96
17:42:356805	-464	4112	96
17:42:359811	-512	4128	128
17:42:362863	-512	4128	128
17:42:365800	-512	4128	128
17:42:368880	-512	4128	128
17:42:372070	-512	4128	128
17:42:374972	-512	4128	128
17:42:377778	-512	3872	144
17:42:380598	-512	4080	144
17:42:383400	-512	4080	144
17:42:386199	-512	4080	144
17:42:389006	-512	4080	144
17:42:391807	-512	4080	144
17:42:394605	-512	4080	144
17:42:397443	-512	4080	112
17:42:400348	-544	4112	112
17:42:403327	-544	4112	112
17:42:406220	-544	4112	112
17:42:409069	-544	4112	112
17:42:411984	-544	4112	112
17:42:414976	-544	4112	112
17:42:418003	-544	4112	128
17:42:420952	-624	4096	128
17:42:423877	-624	4096	128
17:42:426760	-624	4096	128
17:42:429666	-624	4096	128
17:42:432569	-624	4096	128
17:42:435475	-624	4096	128
17:42:438500	-624	4096	112
17:42:441457	-576	4112	112
17:42:444270	-576	4112	112
17:42:447069	-576	4112	112
17:42:449868	-576	4112	112
17:42:452776	-576	4112	112
17:42:455710	-576	4112	112
17:42:458673	-576	4112	96
17:42:461852	-560	4160	96
17:42:465268	-560	4160	96
17:42:468400	-560	4160	96
17:42:471389	-560	4160	96
17:42:474270	-560	4160	96
17:42:477115	-560	4160	96
17:42:479924	-576	4112	144
17:42:482727	-576	4112	144
17:42:485526	-576	4112	144
17:42:488329	-576	4112	144
17:42:491142	-576	4112	144
17:42:493997	-576	4112	144
17:42:496965	-576	4112	144
17:42:499901	-576	4112	160
17:42:502799	-576	4112	160
17:42:505713	-576	4112	160
17:42:508698	-576	4112	160
17:42:511799	-576	4112	160
17:42:514711	-576	4112	160
17:42:517649	-576	4112	160
17:42:520539	-576	4144	144
17:42:523389	-576	4144	144
17:42:526249	-576	4144	144
17:42:529282	-576	4144	144
17:42:532310	-576	4144	144
17:42:535162	-576	4144	144
17:42:537967	-576	4144	144
17:42:540778	-576	4160	128
17:42:543588	-576	4160	128
17:42:546395	-576	4160	128
17:42:549197	-576	4160	128
17:42:551999	-576	4160	128
17:42:554797	-576	4160	128
17:42:557813	-576	4160	128
17:42:560827	-576	4144	144
17:42:563815	-576	4144	144
17:42:566884	-576	4144	144
17:42:570067	-576	4144	144
17:42:573074	-576	4144	144
17:42:576094	-576	4144	144
17:42:578987	-576	4144	96
17:42:581834	-576	4096	96
17:42:584656	-576	4096	96
17:42:587484	-576	4096	96
17:42:590481	-576	4096	96
17:42:593464	-576	4096	96
17:42:596349	-576	4096	96
17:42:599216	-576	4096	112
17:42:602160	-576	4128	112
17:42:605219	-576	4128	112
17:42:608551	-576	4128	112
17:42:611498	-576	4128	112
17:42:614403	-576	4128	112
17:42:617257	-576	4128	112
17:42:620130	-576	3872	96
17:42:623100	-576	4064	96
17:42:625971	-576	4064	96
17:42:628790	-576	4064	96
17:42:631598	-576	4064	96
17:42:634472	-576	4064	96
17:42:637420	-576	4064	96
17:42:640461	-576	4112	128
17:42:643542	-560	4112	128
17:42:646687	-560	4112	128
17:42:649625	-560	4112	128
17:42:652561	-560	4112	128
17:42:655517	-560	4112	128
17:42:658637	-560	4112	128
17:42:661545	-576	4128	160
17:42:664447	-576	4128	160
17:42:667431	-576	4128	160
17:42:670525	-576	4128	160
17:42:673523	-576	4128	160
17:42:676505	-576	4128	160
17:42:679385	-576	4128	160
17:42:682276	-528	4096	96
17:42:685271	-528	4096	96
17:42:688348	-528	4096	96
17:42:691374	-528	4096	96
17:42:694189	-528	4096	96
17:42:697003	-528	4096	96
17:42:699807	-528	4096	80
17:42:702610	-368	4128	80
17:42:705411	-368	4128	80
17:42:708218	-368	4128	80
17:42:711081	-368	4128	80
17:42:714046	-368	4128	80
17:42:717078	-368	4128	80
17:42:720158	-368	4128	48
17:42:723393	-304	4112	48
17:42:726613	-304	4112	48
17:42:729690	-304	4112	48
17:42:732587	-304	4112	48
17:42:735441	-304	4112	48
17:42:738301	-304	4112	48
17:42:741181	-48	4144	32
17:42:744042	-160	4144	32
17:42:746903	-160	4144	32
17:42:749849	-160	4144	32
17:42:752711	-160	4144	32
17:42:755532	-160	4144	32
17:42:758335	-160	4144	32
17:42:761136	-416	4144	192
17:42:763933	-384	4096	192
17:42:766728	-384	4096	192
17:42:769539	-384	4096	192
17:42:772347	-384	4096	192
17:42:775144	-384	4096	192
17:42:777966	-384	4096	192
17:42:780862	-384	4096	96
17:42:783795	-368	4080	96
17:42:786763	-368	4080	96
17:42:789699	-368	4080	96
17:42:792639	-368	4080	96
17:42:795685	-368	4080	96
17:42:798858	-368	4080	96
17:42:801809	-624	3936	48
17:42:804692	-528	3936	48
17:42:807560	-528	3936	48
17:42:810509	-528	3936	48
17:42:813487	-528	3936	48
17:42:816371	-528	3936	48
17:42:819263	-528	3936	48
17:42:822208	-560	4032	144
17:42:825190	-560	4032	144
17:42:828232	-560	4032	144
17:42:831201	-560	4032	144
17:42:834131	-560	4032	144
17:42:837025	-560	4032	144
17:42:839882	-560	4032	144
17:42:842736	-640	4176	176
17:42:845751	-640	4176	176
17:42:851026	-640	4176	176
17:42:856705	-640	4176	176
17:42:862350	-640	4176	208
17:42:868050	-720	4256	208
17:42:873750	-720	4256	208
17:42:879511	-720	4256	208
17:42:885404	-864	4224	144
17:42:890932	-864	4224	144
17:42:896397	-864	4224	144
17:42:901851	-864	4224	144
17:42:907521	-880	4096	64
17:42:913227	-880	4096	64
17:42:918899	-880	4096	64
17:42:924690	-880	4064	96
17:42:930670	-832	4064	96
17:42:936445	-832	4064	96
17:42:942140	-832	4064	96
17:42:947832	-688	4080	48
17:42:952109	-688	4080	48
17:42:956241	-688	4080	48
17:42:960377	-688	4080	48
17:42:964502	-576	4128	32
17:42:968641	-576	4128	32
17:42:972955	-576	4128	32
17:42:977375	-576	4128	32
17:42:981749	-576	4128	32
17:42:986096	-576	4112	64
17:42:990448	-576	4112	64
17:42:994884	-576	4112	64
17:42:999164	-576	4112	64
17:43:003429	-576	4112	96
17:43:007810	-464	4080	96
17:43:012055	-464	4080	96
17:43:016326	-464	4080	96
17:43:020626	-464	4080	96
17:43:024942	-432	4096	128
17:43:029320	-432	4096	128
17:43:033583	-432	4096	128
17:43:037915	-432	4096	128
17:43:042260	-432	4096	128
17:43:046670	-416	4128	128
17:43:051068	-416	4128	128
17:43:055406	-416	4128	128
17:43:059789	-416	4128	128
17:43:064242	-416	4128	176
17:43:068661	-576	4128	176
17:43:073146	-576	4128	176
17:43:077415	-576	4128	176
17:43:081623	-576	4128	176
17:43:085834	-560	4096	160
17:43:090040	-560	4096	160
17:43:094188	-560	4096	160
17:43:098347	-560	4096	160
17:43:102636	-560	4096	160
17:43:107023	-624	4096	128
17:43:111320	-624	4096	128
17:43:115560	-624	4096	128
17:43:119869	-624	4096	128
17:43:124202	-624	4096	112
17:43:128609	-576	4112	112
17:43:133019	-576	4112	112
17:43:137466	-576	4112	112
17:43:141786	-576	4112	112
17:43:146003	-560	4128	112
17:43:150221	-560	4128	112
17:43:154414	-560	4128	112
17:43:158584	-560	4128	112
17:43:162740	-560	4128	112
17:43:167024	-560	4112	128
17:43:171407	-560	4112	128
17:43:175756	-560	4112	128
17:43:180031	-560	4112	128
17:43:184356	-560	4112	128
17:43:188740	-576	4112	128
17:43:193039	-576	4112	128
17:43:197323	-576	4112	128
17:43:201614	-576	4112	128
17:43:205836	-576	4096	128
17:43:209986	-576	4096	128
17:43:214115	-576	4096	128
17:43:218288	-576	4096	128
17:43:222580	-576	4096	128
17:43:226925	-576	4144	112
17:43:231515	-576	4144	112
17:43:235977	-576	4144	112
17:43:240485	-576	4144	112
17:43:244870	-576	4144	144
17:43:249192	-576	4160	144
17:43:252081	-576	4160	144
17:43:254884	-576	4160	144
17:43:257738	-576	4160	144
17:43:260661	-576	4160	144
17:43:263700	-576	4160	144
17:43:266754	-560	4192	128
17:43:269711	-560	4192	128
17:43:272520	-560	4192	128
17:43:275378	-560	4192	128
17:43:278224	-560	4192	128
17:43:281118	-560	4192	128
17:43:283971	-560	4192	128
17:43:286858	-560	4112	112
17:43:289668	-560	4112	112
17:43:292566	-560	4112	112
17:43:295544	-560	4112	112
17:43:298631	-560	4112	112
17:43:301676	-560	4112	112
17:43:304695	-560	4112	112
17:43:307768	-560	4128	160
17:43:310857	-560	4128	160
17:43:314102	-560	4128	160
17:43:317133	-560	4128	160
17:43:320123	-560	4128	160
17:43:323063	-560	4128	160
17:43:326047	-560	3872	144
17:43:329107	-544	4080	144
17:43:332036	-544	4080	144
17:43:334842	-544	4080	144
17:43:337707	-544	4080	144
17:43:340568	-544	4080	144
17:43:343375	-544	4080	144
17:43:346184	-544	4128	160
17:43:349039	-528	4128	160
17:43:351933	-528	4128	160
17:43:354882	-528	4128	160
17:43:357974	-528	4128	160
17:43:361080	-528	4128	160
17:43:364197	-528	4128	160
17:43:367323	-512	4144	80
17:43:370589	-512	4144	80
17:43:373579	-512	4144	80
17:43:376547	-512	4144	80
17:43:379522	-512	4144	80
17:43:382481	-512	4144	80
17:43:385495	-512	4144	128
17:43:388507	-544	4112	128
17:43:391554	-544	4112	128
17:43:394511	-544	4112	128
17:43:397361	-544	4112	128
17:43:400216	-544	4112	128
17:43:403094	-544	4112	128
17:43:405948	-544	4112	96
17:43:408962	-544	4128	96
17:43:411830	-544	4128	96
17:43:414911	-544	4128	96
17:43:417999	-544	4128	96
17:43:421102	-544	4128	96
17:43:424437	-544	4128	96
17:43:427652	-576	4080	96
17:43:430823	-576	4080	96
17:43:433824	-576	4080	96
17:43:436796	-576	4080	96
17:43:439758	-576	4080	96
17:43:442751	-576	4080	96
17:43:445639	-576	4080	96
17:43:448552	-560	4128	128
17:43:451532	-560	4128	128
17:43:454565	-560	4128	128
17:43:457613	-560	4128	128
17:43:460498	-560	4128	128
17:43:463441	-560	4128	128
17:43:466488	-560	4128	96
17:43:469608	-576	4128	96
17:43:472764	-576	4128	96
17:43:475855	-576	4128	96
17:43:478846	-576	4128	96
17:43:481887	-576	4128	96
17:43:485019	-576	4128	96
17:43:487977	-560	4144	64
17:43:490991	-560	4144	64
17:43:493981	-560	4144	64
17:43:496908	-560	4144	64
17:43:500024	-560	4144	64
17:43:503192	-560	4144	64
17:43:506299	-560	4144	64
17:43:509282	-576	4096	64
17:43:512185	-576	4096	64
17:43:515103	-576	4096	64
17:43:518191	-576	4096	64
17:43:521457	-576	4096	64
17:43:524523	-576	4096	64
17:43:527681	-576	4096	80
17:43:530843	-544	4096	80
17:43:533876	-544	4096	80
17:43:536894	-544	4096	80
17:43:539884	-544	4096	80
17:43:542855	-544	4096	80
17:43:545856	-544	4096	80
17:43:548934	-496	4096	96
17:43:552127	-496	4096	96
17:43:555125	-496	4096	96
17:43:558005	-496	4096	96
17:43:560814	-496	4096	96
17:43:563671	-496	4096	96
17:43:566559	-496	4096	96
17:43:569416	-512	4096	128
17:43:572318	-512	4096	128
17:43:575218	-512	4096	128
17:43:578200	-512	4096	128
17:43:581317	-512	4096	128
17:43:584421	-512	4096	128
17:43:587646	-512	4096	64
17:43:590803	-560	4112	64
17:43:594003	-560	4112	64
17:43:596982	-560	4112	64
17:43:599950	-560	4112	64
17:43:602838	-560	4112	64
17:43:605827	-560	4112	64
17:43:608732	-528	4112	112
17:43:611621	-528	4112	112
17:43:614653	-528	4112	112
17:43:617678	-528	4112	112
17:43:620537	-528	4112	112
17:43:623426	-528	4112	112
17:43:626338	-528	4112	112
17:43:629172	-560	4128	80
17:43:632032	-560	4128	80
17:43:634835	-560	4128	80
17:43:637729	-560	4128	80
17:43:640673	-560	4128	80
17:43:643745	-560	4128	80
17:43:646824	-560	4128	80
17:43:649940	-560	4096	128
17:43:653219	-560	4096	128
17:43:656316	-560	4096	128
17:43:659474	-560	4096	128
17:43:662455	-560	4096	128
17:43:665455	-560	4096	128
17:43:668384	-560	4096	144
17:43:671262	-528	4144	144
17:43:674083	-528	4144	144
17:43:677005	-528	4144	144
17:43:680027	-528	4144	144
17:43:683028	-528	4144	144
17:43:686028	-528	4144	144
17:43:689135	-528	4128	32
17:43:692255	-528	4128	32
17:43:695318	-528	4128	32
17:43:698298	-528	4128	32
17:43:701270	-528	4128	32
17:43:704171	-528	4128	32
17:43:707040	-528	4128	32
17:43:710031	-544	4112	64
17:43:713044	-544	4112	64
17:43:716005	-544	4112	64
17:43:718877	-544	4112	64
17:43:721713	-544	4112	64
17:43:724588	-544	4112	64
17:43:727420	-544	4112	64
17:43:730285	-528	4112	32
17:43:733161	-528	4112	32
17:43:736016	-528	4112	32
17:43:738965	-528	4112	32
17:43:742005	-528	4112	32
17:43:744921	-528	4112	32
17:43:747826	-528	4112	32
17:43:750706	-528	4128	96
17:43:753508	-528	4128	96
17:43:756354	-528	4128	96
17:43:759238	-528	4128	96
17:43:762127	-528	4128	96
17:43:764942	-528	4128	96
17:43:767818	-528	4128	96
17:43:770719	-544	4112	96
17:43:773723	-544	4112	96
17:43:776749	-544	4112	96
17:43:779724	-544	4112	96
17:43:782636	-544	4112	96
17:43:785525	-544	4112	96
17:43:788347	-544	4112	96
17:43:791212	-496	4128	96
17:43:794180	-496	4128	96
17:43:797170	-496	4128	96
17:43:800208	-496	4128	96
17:43:803369	-496	4128	96
17:43:806506	-496	4128	96
17:43:809582	-496	4128	80
17:43:812708	-480	4144	80
17:43:815699	-480	4144	80
17:43:818671	-480	4144	80
17:43:821544	-480	4144	80
17:43:824439	-480	4144	80
17:43:827385	-480	4144	80
17:43:830289	-480	4144	112
17:43:833307	-480	4144	112
17:43:836410	-480	4144	112
17:43:839468	-480	4144	112
17:43:842576	-480	4144	112
17:43:845599	-480	4144	112
17:43:848734	-480	4144	112
17:43:851776	-448	4112	128
17:43:854754	-448	4112	128
17:43:857732	-448	4112	128
17:43:860692	-448	4112	128
17:43:863603	-448	4112	128
17:43:866671	-448	4112	128
17:43:869703	-448	4112	96
17:43:872672	-368	4112	96
17:43:875563	-368	4112	96
17:43:878458	-368	4112	96
17:43:881346	-368	4112	96
17:43:884232	-368	4112	96
17:43:887151	-368	4112	96
17:43:890177	-368	4112	128
17:43:893281	-400	4096	128
17:43:896384	-400	4096	128
17:43:899420	-400	4096	128
17:43:902568	-400	4096	128
17:43:905647	-400	4096	128
17:43:908688	-400	4096	128
17:43:911642	-352	4128	96
17:43:914636	-352	4128	96
17:43:917558	-352	4128	96
17:43:920483	-352	4128	96
17:43:923371	-352	4128	96
17:43:926173	-352	4128	96
17:43:929061	-352	4128	96
17:43:932101	-352	4160	112
17:43:935128	-352	4160	112
17:43:938113	-352	4160	112
17:43:941013	-352	4160	112
17:43:943867	-352	4160	112
17:43:946764	-352	4160	112
17:43:949571	-352	4160	112
17:43:952399	-352	4128	80
17:43:956876	-352	4128	80
17:43:962392	-352	4128	80
17:43:968139	-352	4128	80
17:43:974110	-352	4112	64
17:43:979933	-288	4112	64
17:43:985541	-288	4112	64
17:43:991024	-288	4112	96
17:43:996761	-240	4080	96
17:44:002573	-240	4080	96
17:44:008361	-240	4080	96
17:44:014001	-240	4112	80
17:44:019489	-224	4112	80
17:44:025096	-224	4112	80
17:44:030903	-224	4112	80
17:44:036757	-192	4128	96
17:44:043051	-192	4128	96
17:44:048837	-192	4128	96
17:44:054745	-192	4112	64
17:44:060643	-192	4112	64
17:44:066547	-192	4112	64
17:44:072314	-192	4112	96
17:44:077974	-224	4112	96
17:44:083730	-224	4112	96
17:44:089525	-224	4112	96
17:44:095314	-192	4144	80
17:44:101280	-192	4144	80
17:44:107263	-192	4144	80
17:44:113334	-192	4144	64
17:44:119233	-208	4176	64
17:44:124953	-208	4176	64
17:44:130778	-208	4176	64
17:44:136501	-208	4160	80
17:44:142137	-208	4160	80
17:44:147834	-208	4160	80
17:44:153878	-208	4160	96
17:44:158836	-192	4192	96
17:44:163503	-192	4192	96
17:44:167996	-192	4192	96
17:44:172577	-192	4192	64
17:44:177062	-256	4160	64
17:44:181516	-256	4160	64
17:44:185965	-256	4160	64
17:44:190410	-256	4160	64
17:44:194968	-272	4112	48
17:44:199403	-272	4112	48
17:44:203786	-272	4112	48
17:44:208305	-272	4112	48
17:44:212925	-272	4112	64
17:44:217331	-256	4176	64
17:44:221845	-256	4176	64
17:44:226274	-256	4176	64
17:44:230582	-256	4176	64
17:44:234997	-256	4176	64
17:44:239459	-208	4176	64
17:44:243883	-208	4176	64
17:44:248384	-208	4176	64
17:44:252739	-208	4176	64
17:44:257362	-240	4176	48
17:44:261957	-240	4176	48
17:44:266447	-240	4176	48
17:44:270884	-240	4176	48
17:44:275568	-240	4160	64
17:44:280058	-256	4160	64
17:44:284500	-256	4160	64
17:44:288901	-256	4160	64
17:44:293356	-256	4160	64
17:44:297810	-224	4128	64
17:44:302216	-224	4128	64
17:44:306624	-224	4128	64
17:44:311166	-224	4128	64
17:44:315627	-224	4160	64
17:44:320065	-256	4160	64
17:44:324548	-256	4160	64
17:44:328961	-256	4160	64
17:44:333279	-256	4160	64
17:44:337674	-240	4176	64
17:44:341985	-240	4176	64
17:44:346210	-240	4176	64
17:44:350376	-240	4176	64
17:44:354680	-240	4176	112
17:44:359041	-256	4208	112
17:44:363647	-256	4208	112
17:44:368064	-256	4208	112
17:44:372529	-256	4208	112
17:44:377105	-224	4208	80
17:44:381550	-224	4208	80
17:44:385966	-224	4208	80
17:44:390519	-224	4208	80
17:44:395006	-224	4208	128
17:44:399393	-256	4192	128
17:44:403696	-256	4192	128
17:44:407919	-256	4192	128
