TimeNow		X-Axis	Y-Axis	Z-Axis
14:35:637979	-16	4144	32
14:35:641086	-16	4144	32
14:35:644137	-16	4144	32
14:35:647511	-16	4144	32
14:35:652976	-16	4144	16
14:35:656067	-64	4128	16
14:35:659172	-64	4128	16
14:35:662265	-64	4128	16
14:35:665430	-64	4128	16
14:35:668686	-64	4128	16
14:35:671802	-64	4128	16
14:35:674768	0	4176	32
14:35:677820	0	4176	32
14:35:680729	0	4176	32
14:35:683605	0	4176	32
14:35:686629	0	4176	32
14:35:689678	0	4176	32
14:35:692689	0	4176	32
14:35:695823	-48	4144	32
14:35:698813	-48	4144	32
14:35:701936	-48	4144	32
14:35:705215	-48	4144	32
14:35:708445	-48	4144	32
14:35:711577	-48	4144	32
14:35:714678	-16	4160	48
14:35:717710	-16	4160	48
14:35:720685	-16	4160	48
14:35:723647	-16	4160	48
14:35:726582	-16	4160	48
14:35:729635	-16	4160	48
14:35:732673	-16	4160	32
14:35:735716	-32	4128	32
14:35:738593	-32	4128	32
14:35:741403	-32	4128	32
14:35:744204	-32	4128	32
14:35:747005	-32	4128	32
14:35:749805	-32	4128	32
14:35:752606	-32	4128	48
14:35:755479	-64	4112	48
14:35:758301	-64	4112	48
14:35:761120	-64	4112	48
14:35:763987	-64	4112	48
14:35:766915	-64	4112	48
14:35:769840	-64	4112	48
14:35:772746	-64	4112	48
14:35:775558	0	4128	48
14:35:778455	0	4128	48
14:35:781400	0	4128	48
14:35:784454	0	4128	48
14:35:787520	0	4128	48
14:35:790766	0	4128	48
14:35:794147	-256	4128	32
14:35:797320	-32	4144	32
14:35:800261	-32	4144	32
14:35:803200	-32	4144	32
14:35:806127	-32	4144	32
14:35:809037	-32	4144	32
14:35:811890	-32	4144	32
14:35:814774	-32	4160	16
14:35:817692	-32	4160	16
14:35:820538	-32	4160	16
14:35:823415	-32	4160	16
14:35:826344	-32	4160	16
14:35:829467	-32	4160	16
14:35:832443	-32	4160	16
14:35:835487	-80	4128	48
14:35:838478	-80	4128	48
14:35:841553	-80	4128	48
14:35:844666	-80	4128	48
14:35:847819	-80	4128	48
14:35:850863	-80	4128	48
14:35:853861	-80	4128	64
14:35:856905	-48	4112	64
14:35:860112	-48	4112	64
14:35:863149	-48	4112	64
14:35:866221	-48	4112	64
14:35:869188	-48	4112	64
14:35:872104	-48	4112	64
14:35:875011	-48	4128	48
14:35:877922	-48	4128	48
14:35:880831	-48	4128	48
14:35:883739	-48	4128	48
14:35:886635	-48	4128	48
14:35:889571	-48	4128	48
14:35:892709	-48	4128	48
14:35:895660	0	4112	48
14:35:898483	0	4112	48
14:35:901374	0	4112	48
14:35:904214	0	4112	48
14:35:907095	0	4112	48
14:35:909995	0	4112	48
14:35:913005	0	4112	48
14:35:915984	-16	4112	64
14:35:918992	-16	4112	64
14:35:922025	-16	4112	64
14:35:925109	-16	4112	64
14:35:928285	-16	4112	64
14:35:931401	-16	4112	64
14:35:934325	-16	4112	64
14:35:937263	-48	4144	64
14:35:940242	-48	4144	64
14:35:943226	-48	4144	64
14:35:946179	-48	4144	64
14:35:949103	-48	4144	64
14:35:952032	-48	4144	64
14:35:954980	-48	4144	48
14:35:958043	-48	4128	48
14:35:960999	-48	4128	48
14:35:964069	-48	4128	48
14:35:967116	-48	4128	48
14:35:970204	-48	4128	48
14:35:973394	-48	4128	48
14:35:976571	-48	4128	16
14:35:979629	-48	4128	16
14:35:982640	-48	4128	16
14:35:985781	-48	4128	16
14:35:988907	-48	4128	16
14:35:991912	-48	4128	16
14:35:994736	-48	4128	48
14:35:997663	-48	4096	48
14:36:000584	-48	4096	48
14:36:003494	-48	4096	48
14:36:006418	-48	4096	48
14:36:009327	-48	4096	48
14:36:012166	-48	4096	48
14:36:014995	-48	4096	64
14:36:017907	-48	4112	64
14:36:020865	-48	4112	64
14:36:023759	-48	4112	64
14:36:026593	-48	4112	64
14:36:029405	-48	4112	64
14:36:032297	-48	4112	64
14:36:035277	-48	4112	48
14:36:038327	-32	4112	48
14:36:041348	-32	4112	48
14:36:044686	-32	4112	48
14:36:047910	-32	4112	48
14:36:050937	-32	4112	48
14:36:054001	-32	4112	48
14:36:056972	0	4144	64
14:36:059908	0	4144	64
14:36:062755	0	4144	64
14:36:065639	0	4144	64
14:36:068556	0	4144	64
14:36:071394	0	4144	64
14:36:074192	0	4144	64
14:36:077083	-48	4176	80
14:36:080055	-48	4176	80
14:36:083090	-48	4176	80
14:36:086106	-48	4176	80
14:36:089055	-48	4176	80
14:36:092111	-48	4176	80
14:36:095100	-48	4176	80
14:36:098172	-64	4144	80
14:36:101387	-64	4144	80
14:36:104462	-64	4144	80
14:36:107459	-64	4144	80
14:36:110479	-64	4144	80
14:36:113547	-64	4144	80
14:36:116483	-64	4144	16
14:36:119298	-48	4144	16
14:36:122227	-48	4144	16
14:36:125135	-48	4144	16
14:36:128047	-48	4144	16
14:36:130958	-48	4144	16
14:36:133971	-48	4144	16
14:36:136885	208	4144	32
14:36:139939	0	4112	32
14:36:143124	0	4112	32
14:36:146245	0	4112	32
14:36:149387	0	4112	32
14:36:152524	0	4112	32
14:36:155741	0	4112	32
14:36:158794	-32	4128	0
14:36:161779	-32	4128	0
14:36:164738	-32	4128	0
14:36:167715	-32	4128	0
14:36:170615	-32	4128	0
14:36:173539	-32	4128	0
14:36:176611	-32	4128	0
14:36:179577	-64	4112	0
14:36:182559	-64	4112	0
14:36:185495	-64	4112	0
14:36:188417	-64	4112	0
14:36:191369	-64	4112	0
14:36:194282	-64	4112	0
14:36:197186	-64	4112	96
14:36:200099	-48	4112	96
14:36:203016	-48	4112	96
14:36:206205	-48	4112	96
14:36:209305	-48	4112	96
14:36:212457	-48	4112	96
14:36:215764	-48	4112	96
14:36:218930	-16	4096	96
14:36:222019	-16	4096	96
14:36:225071	-16	4096	96
14:36:228030	-16	4096	96
14:36:230964	-16	4096	96
14:36:233803	-16	4096	96
14:36:236620	-16	4096	16
14:36:239487	0	4128	16
14:36:242485	0	4128	16
14:36:245394	0	4128	16
14:36:248376	0	4128	16
14:36:251416	0	4128	16
14:36:254385	0	4128	16
14:36:257473	0	4128	48
14:36:260581	-16	4112	48
14:36:263474	-16	4112	48
14:36:266325	-16	4112	48
14:36:269293	-16	4112	48
14:36:272504	-16	4112	48
14:36:275623	-16	4112	48
14:36:278566	-48	4160	48
14:36:281449	-48	4160	48
14:36:284357	-48	4160	48
14:36:287203	-48	4160	48
14:36:290079	-48	4160	48
14:36:292929	-48	4160	48
14:36:295809	-48	4160	48
14:36:298721	-32	4224	16
14:36:301778	-32	4224	16
14:36:305069	-32	4224	16
14:36:308016	-32	4224	16
14:36:310876	-32	4224	16
14:36:313785	-32	4224	16
14:36:316785	-32	4224	16
14:36:320008	-48	4128	48
14:36:323124	-48	4128	48
14:36:328101	-48	4128	48
14:36:333943	-48	4128	48
14:36:339897	-48	4128	16
14:36:345604	-32	4128	16
14:36:351216	-32	4128	16
14:36:356900	-32	4128	16
14:36:362588	-32	4112	32
14:36:368340	-32	4112	32
14:36:374127	-32	4112	32
14:36:379748	-32	4112	80
14:36:385393	-48	4144	80
14:36:391109	-48	4144	80
14:36:396918	-48	4144	80
14:36:402805	-32	4112	48
14:36:408556	-32	4112	48
14:36:414392	-32	4112	48
14:36:420286	-32	4112	32
14:36:425878	-32	4112	32
14:36:430324	-32	4112	32
14:36:434768	-32	4112	32
14:36:439197	-32	4112	16
14:36:443636	-48	4080	16
14:36:448127	-48	4080	16
14:36:452594	-48	4080	16
14:36:456972	-48	4080	16
14:36:461375	-64	4112	48
14:36:465849	-64	4112	48
14:36:470231	-64	4112	48
14:36:474556	-64	4112	48
14:36:478897	-64	4112	48
14:36:483239	-64	4144	96
14:36:487535	-64	4144	96
14:36:491877	-64	4144	96
14:36:496356	-64	4144	96
14:36:500809	-64	4144	80
14:36:505299	-48	4144	80
14:36:509952	-48	4144	80
14:36:514537	-48	4144	80
14:36:519044	-48	4144	80
14:36:523427	-32	4128	64
14:36:527834	-32	4128	64
14:36:532359	-32	4128	64
14:36:536819	-32	4128	64
14:36:541265	-32	4128	0
14:36:545639	-64	4128	0
14:36:550203	-64	4128	0
14:36:554625	-64	4128	0
14:36:559120	-64	4128	0
14:36:563611	-32	4144	48
14:36:567921	-32	4144	48
14:36:572246	-32	4144	48
14:36:576490	-32	4144	48
14:36:580629	-32	4144	32
14:36:584906	-32	4112	32
14:36:589272	-32	4112	32
14:36:593811	-32	4112	32
14:36:598181	-32	4112	32
14:36:602747	-32	4112	48
14:36:607337	-32	4112	48
14:36:611902	-32	4112	48
14:36:616239	-32	4112	48
14:36:620592	-32	4112	32
14:36:625073	-48	4128	32
14:36:629637	-48	4128	32
14:36:634066	-48	4128	32
14:36:638249	-48	4128	32
14:36:642510	-48	4144	96
14:36:646685	-32	4144	96
14:36:650896	-32	4144	96
14:36:655229	-32	4144	96
14:36:659784	-32	4144	96
14:36:664109	-48	4128	64
14:36:668388	-48	4128	64
14:36:672847	-48	4128	64
14:36:677342	-48	4128	64
14:36:681770	-48	4128	16
14:36:686154	-16	4176	16
14:36:690608	-16	4176	16
14:36:695132	-16	4176	16
14:36:699755	-16	4176	16
14:36:704106	-48	4144	48
14:36:708367	-48	4144	48
14:36:712715	-48	4144	48
14:36:717195	-48	4144	48
14:36:721673	-48	4144	64
14:36:726267	-32	4128	64
14:36:730932	-32	4128	64
14:36:735426	-32	4128	64
14:36:739787	-32	4128	64
14:36:744015	-64	4112	48
14:36:748145	-64	4112	48
14:36:752390	-64	4112	48
14:36:756890	-64	4112	48
14:36:761203	-64	4112	-4816
14:36:765452	-2400	3552	-4768
14:36:769764	-2400	3552	-4768
14:36:774062	-2400	3552	-4768
14:36:778439	-2400	3552	-4768
14:36:782941	-2400	3552	32688
14:36:787392	-6384	3344	32688
14:36:791934	-6384	3344	32688
14:36:796768	-6384	3344	32688
14:36:801311	-6384	3344	-3152
14:36:805541	4544	7824	-3200
14:36:809863	4544	7824	-3200
14:36:814214	4544	7824	-3200
14:36:818795	4544	7824	-3200
14:36:823178	4544	8592	-1328
14:36:827417	1168	8656	-1328
14:36:831550	1168	8656	-1328
14:36:835682	1168	8656	-1328
14:36:839899	1168	8656	-1328
14:36:844123	1424	3184	448
14:36:848665	1472	3184	448
14:36:853129	1472	3184	448
14:36:857546	1472	3184	448
14:36:861886	1472	3184	1216
14:36:866239	-3744	1360	1184
14:36:870641	-3744	1360	1184
14:36:874989	-3744	1360	1184
14:36:879308	-3744	1360	1184
14:36:883758	-3744	1872	-624
14:36:888146	-2576	1920	-624
14:36:892476	-2576	1920	-624
14:36:896682	-2576	1920	-624
14:36:900861	-2576	1920	-624
14:36:905000	1328	2736	-336
14:36:909296	1328	2736	-336
14:36:913679	1328	2736	-336
14:36:917999	1328	2736	-336
14:36:922382	1328	2736	-336
14:36:926761	2288	2256	-320
14:36:932564	2288	2256	-320
14:36:938181	2288	2256	-320
14:36:943787	2288	2256	704
14:36:949503	816	448	704
14:36:955223	816	448	704
14:36:960895	816	448	704
14:36:966414	720	-208	-576
14:36:972010	720	-208	-576
14:36:977661	720	-208	-576
14:36:983391	720	-208	-1344
14:36:989180	7248	-576	-1312
14:36:994792	7248	-576	-1312
14:37:000532	7248	-576	-1312
14:37:006379	8784	2816	-992
14:37:012121	8704	2816	-992
14:37:017916	8704	2816	-992
14:37:023672	8704	2816	-736
14:37:028670	2496	1024	-672
14:37:031480	2496	1024	-672
14:37:034285	2496	1024	-672
14:37:037087	2496	1024	-672
14:37:039930	2496	1024	-672
14:37:042863	2496	1024	-672
14:37:045805	1920	3024	-1648
14:37:048691	1920	3024	-1648
14:37:051500	1920	3024	-1648
14:37:054300	1920	3024	-1648
14:37:057100	1920	3024	-1648
14:37:059915	1920	3024	-1648
14:37:062732	1920	3024	-1648
14:37:065545	784	9104	-528
14:37:068357	784	9104	-528
14:37:071170	784	9104	-528
14:37:074033	784	9104	-528
14:37:076949	784	9104	-528
14:37:079870	784	9104	-528
14:37:082715	784	9104	-528
14:37:085532	-1488	9152	624
14:37:088380	-1488	9152	624
14:37:091262	-1488	9152	624
14:37:094208	-1488	9152	624
14:37:097228	-1488	9152	624
14:37:100393	-1488	9152	624
14:37:103356	-1488	9152	624
14:37:106367	592	4992	976
14:37:109446	592	4992	976
14:37:112374	592	4992	976
14:37:115177	592	4992	976
14:37:117978	592	4992	976
14:37:120784	592	4992	976
14:37:123612	592	4992	1744
14:37:126486	-336	5120	1744
14:37:129437	-336	5120	1744
14:37:132511	-336	5120	1744
14:37:135713	-336	5120	1744
14:37:138704	-336	5120	1744
14:37:141752	-336	5120	1744
14:37:144690	-336	5120	4048
14:37:147641	-624	6624	4048
14:37:150464	-624	6624	4048
14:37:153277	-624	6624	4048
14:37:156086	-624	6624	4048
14:37:158894	-624	6624	4048
14:37:161699	-624	6624	4048
14:37:164507	-624	6624	1264
14:37:167319	-1040	4368	1264
14:37:170281	-1040	4368	1264
14:37:173234	-1040	4368	1264
14:37:176130	-1040	4368	1264
14:37:178943	-1040	4368	1264
14:37:181750	-1040	4368	1264
14:37:184550	-1040	4368	944
14:37:187400	-1232	3888	944
14:37:190349	-1232	3888	944
14:37:193335	-1232	3888	944
14:37:196398	-1232	3888	944
14:37:199628	-1232	3888	944
14:37:202602	-1232	3888	944
14:37:205644	-1232	3888	-624
14:37:208591	-1232	3904	-624
14:37:211495	-1232	3904	-624
14:37:214311	-1232	3904	-624
14:37:217126	-1232	3904	-624
14:37:219998	-1232	3904	-624
14:37:222953	-1232	3904	-624
14:37:225955	-976	4416	-2176
14:37:229150	-960	4400	-2176
14:37:232140	-960	4400	-2176
14:37:235198	-960	4400	-2176
14:37:238311	-960	4400	-2176
14:37:241242	-960	4400	-2176
14:37:244069	-960	4400	-2176
14:37:246871	-304	3888	-1648
14:37:249686	-304	3888	-1648
14:37:252509	-304	3888	-1648
14:37:255322	-304	3888	-1648
14:37:258136	-304	3888	-1648
14:37:260950	-304	3888	-1648
14:37:263861	-304	3888	-1648
14:37:266890	-64	2560	-576
14:37:269838	-64	2560	-576
14:37:272916	-64	2560	-576
14:37:276128	-64	2560	-576
14:37:279165	-64	2560	-576
14:37:282170	-64	2560	-576
14:37:285085	-64	2560	-64
14:37:287971	-16	2496	-144
14:37:290810	-16	2496	-144
14:37:293613	-16	2496	-144
14:37:296480	-16	2496	-144
14:37:299421	-16	2496	-144
14:37:302338	-16	2496	-144
14:37:305167	-16	2496	112
14:37:307986	256	3664	144
14:37:310790	256	3664	144
14:37:313588	256	3664	144
14:37:316386	256	3664	144
14:37:319204	256	3664	144
14:37:322097	256	3664	144
14:37:325368	256	3664	144
14:37:328503	704	6000	544
14:37:332987	704	6000	544
14:37:336166	704	6000	544
14:37:339360	704	6000	544
14:37:343967	704	6000	544
14:37:347002	960	7280	1632
14:37:350050	832	7216	1632
14:37:353103	832	7216	1632
14:37:356111	832	7216	1632
14:37:359107	832	7216	1632
14:37:362068	832	7216	1632
14:37:364995	832	7216	1632
14:37:367831	448	5776	1392
14:37:370635	448	5776	1392
14:37:373435	448	5776	1392
14:37:376231	448	5776	1392
14:37:379069	448	5776	1392
14:37:381890	448	5776	1392
14:37:384687	448	5776	1392
14:37:387487	-64	3792	656
14:37:390331	-64	3792	656
14:37:393391	-64	3792	656
14:37:396386	-64	3792	656
14:37:399397	-64	3792	656
14:37:402526	-64	3792	656
14:37:405667	-64	3792	656
14:37:408825	-304	2960	528
14:37:412000	-304	2960	528
14:37:414877	-304	2960	528
14:37:417731	-304	2960	528
14:37:420651	-304	2960	528
14:37:423664	-304	2960	528
14:37:426628	-304	2960	128
14:37:429525	-416	3216	128
14:37:432337	-416	3216	128
14:37:435135	-416	3216	128
14:37:438183	-416	3216	128
14:37:441045	-416	3216	128
14:37:443977	-416	3216	128
14:37:447005	-416	3216	-560
14:37:450111	-496	4144	-560
14:37:453178	-496	4144	-560
14:37:456157	-496	4144	-560
14:37:459216	-496	4144	-560
14:37:462092	-496	4144	-560
14:37:464917	-496	4144	-560
14:37:467734	-496	4400	-960
14:37:470568	-144	4592	-960
14:37:473403	-144	4592	-960
14:37:476219	-144	4592	-960
14:37:479144	-144	4592	-960
14:37:482132	-144	4592	-960
14:37:485185	-144	4592	-960
14:37:488334	112	4592	-544
14:37:491333	64	4432	-544
14:37:494359	64	4432	-544
14:37:497372	64	4432	-544
14:37:500275	64	4432	-544
14:37:503163	64	4432	-544
14:37:506136	64	4432	-544
14:37:509075	96	4112	-96
14:37:512090	96	4112	-96
14:37:515213	96	4112	-96
14:37:518259	96	4112	-96
14:37:521422	96	4112	-96
14:37:524583	96	4112	-96
14:37:527637	96	4112	304
14:37:530517	0	4080	304
14:37:533597	0	4080	304
14:37:536591	0	4080	304
14:37:539605	0	4080	304
14:37:542700	0	4080	304
14:37:545754	0	4080	304
14:37:548830	-256	4288	448
14:37:551928	-128	4288	448
14:37:555067	-128	4288	448
14:37:558036	-128	4288	448
14:37:560943	-128	4288	448
14:37:563835	-128	4288	448
14:37:566656	-128	4288	448
14:37:569483	-64	4624	512
14:37:572302	-64	4624	512
14:37:575116	-64	4624	512
14:37:577925	-64	4624	512
14:37:580775	-64	4624	512
14:37:583688	-64	4624	512
14:37:586674	-64	4624	512
14:37:589575	32	4832	624
14:37:592590	32	4832	624
14:37:595536	32	4832	624
14:37:598549	32	4832	624
14:37:601602	32	4832	624
14:37:604595	32	4832	624
14:37:607552	32	4832	624
14:37:610454	256	4768	528
14:37:613401	256	4768	528
14:37:616451	256	4768	528
14:37:619466	256	4768	528
14:37:622333	256	4768	528
14:37:625143	256	4768	528
14:37:628074	256	4768	16
14:37:631047	256	4336	208
14:37:633996	256	4336	208
14:37:636966	256	4336	208
14:37:640053	256	4336	208
14:37:643404	256	4336	208
14:37:646454	256	4336	208
14:37:649491	0	4080	-64
14:37:652490	176	4048	-64
14:37:655364	176	4048	-64
14:37:658266	176	4048	-64
14:37:661512	176	4048	-64
14:37:664380	176	4048	-64
14:37:667296	176	4048	-64
14:37:670313	32	3840	-368
14:37:673332	32	3840	-368
14:37:676334	32	3840	-368
14:37:679352	32	3840	-368
14:37:682433	32	3840	-368
14:37:685591	32	3840	-368
14:37:688643	32	3840	-368
14:37:691550	-128	3536	-416
14:37:694409	-128	3536	-416
14:37:697268	-128	3536	-416
14:37:700143	-128	3536	-416
14:37:703043	-128	3536	-416
14:37:705861	-128	3536	-416
14:37:708710	-128	3536	-160
14:37:711700	-96	3456	-256
14:37:714700	-96	3456	-256
14:37:717608	-96	3456	-256
14:37:720496	-96	3456	-256
14:37:723314	-96	3456	-256
14:37:726124	-96	3456	-256
14:37:728934	-96	3456	-256
14:37:731797	-96	3664	-192
14:37:735800	-96	3664	-192
14:37:739988	-96	3664	-192
14:37:744308	-96	3664	-192
14:37:748541	-96	3664	-192
14:37:752692	-144	4048	0
14:37:756835	-144	4048	0
14:37:760987	-144	4048	0
14:37:765127	-144	4048	0
14:37:769266	-144	4048	0
14:37:773466	-112	4544	144
14:37:777852	-112	4544	144
14:37:782120	-112	4544	144
14:37:786283	-112	4544	144
14:37:790430	-112	4544	240
14:37:794683	16	4736	240
14:37:799542	16	4736	240
14:37:803912	16	4736	240
14:37:808371	16	4736	240
14:37:812954	112	4672	272
14:37:817387	112	4672	272
14:37:821764	112	4672	272
14:37:826023	112	4672	272
14:37:830204	112	4672	208
14:37:834709	144	4336	208
14:37:840285	144	4336	208
14:37:846064	144	4336	208
14:37:851951	144	4080	64
14:37:857679	128	3984	64
14:37:863370	128	3984	64
14:37:869180	128	3984	64
14:37:875133	-32	3728	-64
14:37:881083	-32	3728	-64
14:37:886821	-32	3728	-64
14:37:892357	-32	3728	-256
14:37:897907	-64	3584	-256
14:37:903577	-64	3584	-256
14:37:909563	-64	3584	-256
14:37:915525	-64	3568	-304
14:37:921321	-64	3568	-304
14:37:927179	-64	3568	-304
14:37:933224	-64	3824	-368
14:37:938616	0	3648	-368
14:37:941563	0	3648	-368
14:37:944634	0	3648	-368
14:37:947506	0	3648	-368
