TimeNow		X-Axis	Y-Axis	Z-Axis
17:01:159424	32	4128	32
17:01:162496	32	4128	32
17:01:165523	32	4128	32
17:01:168597	32	4128	32
17:01:171648	32	4128	32
17:01:174664	32	4128	32
17:01:177691	32	4128	32
17:01:180703	16	4112	16
17:01:183758	16	4112	16
17:01:186784	16	4112	16
17:01:189773	16	4112	16
17:01:192636	16	4112	16
17:01:195441	16	4112	16
17:01:198251	16	4112	80
17:01:201054	32	4160	80
17:01:203895	32	4160	80
17:01:206814	32	4160	80
17:01:209744	32	4160	80
17:01:212658	32	4160	80
17:01:215477	32	4160	80
17:01:218329	32	4160	32
17:01:221229	0	4112	32
17:01:224199	0	4112	32
17:01:227090	0	4112	32
17:01:229895	0	4112	32
17:01:232699	0	4112	32
17:01:235496	0	4112	32
17:01:238297	0	4112	16
17:01:241102	64	4096	16
17:01:243908	64	4096	16
17:01:246705	64	4096	16
17:01:249524	64	4096	16
17:01:252453	64	4096	16
17:01:255416	64	4096	16
17:01:258289	64	4096	64
17:01:261103	32	4144	64
17:01:263901	32	4144	64
17:01:266701	32	4144	64
17:01:269503	32	4144	64
17:01:272303	32	4144	64
17:01:275106	32	4144	64
17:01:277907	32	4144	64
17:01:280719	32	4112	32
17:01:283578	32	4112	32
17:01:286503	32	4112	32
17:01:289468	32	4112	32
17:01:292344	32	4112	32
17:01:295146	32	4112	32
17:01:297946	32	4112	32
17:01:300747	32	4128	16
17:01:303546	32	4128	16
17:01:306343	32	4128	16
17:01:309141	32	4128	16
17:01:311951	32	4128	16
17:01:314870	32	4128	16
17:01:317861	32	4128	16
17:01:320768	-16	4112	64
17:01:323571	-16	4112	64
17:01:326370	-16	4112	64
17:01:329175	-16	4112	64
17:01:331974	-16	4112	64
17:01:334774	-16	4112	64
17:01:337585	-16	4112	64
17:01:340388	16	4144	32
17:01:343191	16	4144	32
17:01:346027	16	4144	32
17:01:349023	16	4144	32
17:01:351978	16	4144	32
17:01:354895	16	4144	32
17:01:357843	16	4144	32
17:01:360830	0	4128	32
17:01:363863	0	4128	32
17:01:366879	0	4128	32
17:01:369832	0	4128	32
17:01:372717	0	4128	32
17:01:375597	0	4128	32
17:01:378605	0	4128	32
17:01:381638	-48	4128	64
17:01:384609	-48	4128	64
17:01:387441	-48	4128	64
17:01:390253	-48	4128	64
17:01:393066	-48	4128	64
17:01:395866	-48	4128	64
17:01:398669	-48	4128	64
17:01:401471	-48	4144	64
17:01:404267	-48	4144	64
17:01:407075	-48	4144	64
17:01:409936	-48	4144	64
17:01:412935	-48	4144	64
17:01:415846	-48	4144	64
17:01:418693	-48	4144	64
17:01:421497	-64	4144	64
17:01:424297	-64	4144	64
17:01:427094	-64	4144	64
17:01:429895	-64	4144	64
17:01:432695	-64	4144	64
17:01:435494	-64	4144	64
17:01:438297	-64	4144	64
17:01:441172	-64	4128	80
17:01:444106	-48	4128	80
17:01:447042	-48	4128	80
17:01:449853	-48	4128	80
17:01:452662	-48	4128	80
17:01:455462	-48	4128	80
17:01:458263	-48	4128	80
17:01:461065	-48	4144	96
17:01:463864	-64	4144	96
17:01:466663	-64	4144	96
17:01:469464	-64	4144	96
17:01:472297	-64	4144	96
17:01:475251	-64	4144	96
17:01:478219	-64	4144	96
17:01:481075	-64	4144	96
17:01:483878	-64	4128	96
17:01:486679	-64	4128	96
17:01:489479	-64	4128	96
17:01:492285	-64	4128	96
17:01:495084	-64	4128	96
17:01:497889	-64	4128	96
17:01:500699	-64	4128	96
17:01:503572	-64	4128	96
17:01:506542	-64	4128	96
17:01:509440	-64	4128	96
17:01:512249	-64	4128	96
17:01:515048	-64	4128	96
17:01:517849	-64	4128	96
17:01:520653	-64	4128	64
17:01:523500	-144	4112	64
17:01:526460	-144	4112	64
17:01:529438	-144	4112	64
17:01:532487	-144	4112	64
17:01:535779	-144	4112	64
17:01:538858	-144	4112	64
17:01:541815	-144	4112	64
17:01:544734	-192	4112	64
17:01:547555	-192	4112	64
17:01:550386	-192	4112	64
17:01:553197	-192	4112	64
17:01:556041	-192	4112	64
17:01:559002	-192	4112	64
17:01:562001	-192	4160	128
17:01:565065	-256	4160	128
17:01:568071	-256	4160	128
17:01:571118	-256	4160	128
17:01:574094	-256	4160	128
17:01:576940	-256	4160	128
17:01:579744	-256	4160	128
17:01:582549	-304	4160	128
17:01:585352	-304	4160	128
17:01:588153	-304	4160	128
17:01:590953	-304	4160	128
17:01:593753	-304	4160	128
17:01:596564	-304	4160	128
17:01:599430	-304	4160	128
17:01:602430	-304	4192	144
17:01:605341	-368	4192	144
17:01:608182	-368	4192	144
17:01:610990	-368	4192	144
17:01:613788	-368	4192	144
17:01:616586	-368	4192	144
17:01:619388	-368	4192	144
17:01:622190	-368	4192	144
17:01:624989	-352	4192	144
17:01:627786	-352	4192	144
17:01:630666	-352	4192	144
17:01:633585	-352	4192	144
17:01:636517	-352	4192	144
17:01:639353	-352	4192	144
17:01:642159	-352	4192	128
17:01:644969	-368	4160	128
17:01:647770	-368	4160	128
17:01:650570	-368	4160	128
17:01:653368	-368	4160	128
17:01:656168	-368	4160	128
17:01:658975	-368	4160	128
17:01:661825	-368	4160	144
17:01:664790	-384	4144	144
17:01:667758	-384	4144	144
17:01:670631	-384	4144	144
17:01:673434	-384	4144	144
17:01:676232	-384	4144	144
17:01:679036	-384	4144	144
17:01:681838	-384	4144	144
17:01:684636	-384	4112	144
17:01:687435	-384	4112	144
17:01:690233	-384	4112	144
17:01:693106	-384	4112	144
17:01:696062	-384	4112	144
17:01:698993	-384	4112	144
17:01:701810	-384	4112	144
17:01:704611	-416	4160	144
17:01:707407	-416	4160	144
17:01:710210	-416	4160	144
17:01:713011	-416	4160	144
17:01:715816	-416	4160	144
17:01:718621	-416	4160	144
17:01:721419	-416	4160	144
17:01:724276	-400	4112	160
17:01:727244	-400	4112	160
17:01:730215	-400	4112	160
17:01:733063	-400	4112	160
17:01:735865	-400	4112	160
17:01:738667	-400	4112	160
17:01:741473	-400	4112	160
17:01:744282	-384	4144	112
17:01:747080	-384	4144	112
17:01:749882	-384	4144	112
17:01:752684	-384	4144	112
17:01:755561	-384	4144	112
17:01:758484	-384	4144	112
17:01:761419	-384	4144	112
17:01:764222	-416	4160	176
17:01:767021	-416	4160	176
17:01:769825	-416	4160	176
17:01:772627	-416	4160	176
17:01:775424	-416	4160	176
17:01:778224	-416	4160	176
17:01:781022	-416	4160	176
17:01:783824	-416	4192	176
17:01:786671	-448	4192	176
17:01:789633	-448	4192	176
17:01:792620	-448	4192	176
17:01:795475	-448	4192	176
17:01:798281	-448	4192	176
17:01:801083	-448	4192	176
17:01:803881	-448	4208	176
17:01:806677	-448	4208	176
17:01:809477	-448	4208	176
17:01:812277	-448	4208	176
17:01:815075	-448	4208	176
17:01:817892	-448	4208	176
17:01:820796	-448	4208	176
17:01:823787	-448	4208	224
17:01:826671	-448	4224	224
17:01:829477	-448	4224	224
17:01:832278	-448	4224	224
17:01:835076	-448	4224	224
17:01:837877	-448	4224	224
17:01:840676	-448	4224	224
17:01:843481	-448	4224	208
17:01:846287	-464	4144	208
17:01:849553	-464	4144	208
17:01:855108	-464	4144	208
17:01:860790	-464	4144	208
17:01:866434	-464	4144	256
17:01:871935	-448	4144	256
17:01:877480	-448	4144	256
17:01:883157	-448	4144	256
17:01:893130	-464	4160	144
17:01:899146	-464	4160	144
17:01:904913	-464	4160	128
17:01:910479	-496	4192	128
17:01:916226	-496	4192	128
17:01:922000	-496	4192	128
17:01:927927	-432	4192	128
17:01:933709	-432	4192	128
17:01:939284	-432	4192	128
17:01:944944	-432	4192	128
17:01:950542	-416	4176	128
17:01:955076	-416	4176	128
17:01:959535	-416	4176	128
17:01:963955	-416	4176	128
17:01:968420	-464	4160	144
17:01:972764	-464	4160	144
17:01:977691	-464	4160	144
17:01:984450	-464	4160	144
17:01:989101	-400	4208	128
17:01:993575	-400	4208	128
17:01:997930	-400	4208	128
17:02:002222	-400	4208	128
17:02:006576	-400	4176	144
17:02:010913	-368	4176	144
17:02:015735	-368	4176	144
17:02:020157	-368	4176	144
17:02:024591	-368	4176	144
17:02:028997	-368	4144	128
17:02:033345	-368	4144	128
17:02:037491	-368	4144	128
17:02:041680	-368	4144	128
17:02:045829	-368	4144	160
17:02:050075	-352	4144	160
17:02:054413	-352	4144	160
17:02:058699	-352	4144	160
17:02:062836	-352	4144	160
17:02:066957	-352	4176	144
17:02:071140	-368	4176	144
17:02:075377	-368	4176	144
17:02:079683	-368	4176	144
17:02:084065	-368	4176	144
17:02:090130	-304	4176	96
17:02:094492	-304	4176	96
17:02:098815	-304	4176	96
17:02:103053	-304	4176	96
17:02:107242	-304	4144	64
17:02:111473	-336	4144	64
17:02:115772	-336	4144	64
17:02:119988	-336	4144	64
17:02:124143	-336	4144	64
17:02:128306	-336	4144	96
17:02:132438	-336	4144	96
17:02:136565	-336	4144	96
17:02:140701	-336	4144	96
17:02:144913	-336	4144	96
17:02:149191	-384	4144	112
17:02:153509	-384	4144	112
17:02:157665	-384	4144	112
17:02:161791	-384	4144	112
17:02:165914	-384	4144	112
17:02:170040	-64	3984	16
17:02:174168	-64	3984	16
17:02:178388	-64	3984	16
17:02:182681	-64	3984	16
17:02:186931	-64	3984	-384
17:02:191062	1216	4512	-384
17:02:195197	1216	4512	-384
17:02:199332	1216	4512	-384
17:02:203717	1216	4512	-384
17:02:207910	1216	5200	-544
17:02:212150	1680	5200	-544
17:02:216540	1680	5200	-544
17:02:220792	1680	5200	-544
17:02:224997	1680	5200	-544
17:02:229139	784	3552	-304
17:02:233267	784	3552	-304
17:02:237395	784	3552	-304
17:02:241689	784	3552	-304
17:02:246160	784	3552	-304
17:02:250667	176	2880	-96
17:02:256433	176	2880	-96
17:02:262399	176	2880	-96
17:02:268521	176	2880	0
17:02:274289	192	3408	0
17:02:280350	192	3408	0
17:02:286186	192	3408	0
17:02:291893	192	4224	224
17:02:297624	192	4224	224
17:02:303328	192	4224	224
17:02:309138	192	4480	480
17:02:314826	-64	4416	480
17:02:320382	-64	4416	480
17:02:326009	-64	4416	480
17:02:331719	-576	4320	592
17:02:337435	-576	4320	592
17:02:343336	-576	4320	592
17:02:348953	-576	4576	656
17:02:354441	-1104	4496	656
17:02:360094	-1104	4496	656
17:02:365784	-1104	4496	656
17:02:371585	-1504	4464	560
17:02:377382	-1504	4464	560
17:02:383241	-1504	4464	560
17:02:388965	-1504	4464	288
17:02:394650	-1488	4288	288
17:02:400379	-1488	4288	288
17:02:406203	-1488	4288	288
17:02:411953	-1392	4096	0
17:02:417726	-1392	4096	0
17:02:423537	-1392	4096	0
17:02:429451	-1392	4096	-112
17:02:435569	-1152	3904	-112
17:02:441416	-1152	3904	-112
17:02:447230	-1152	3904	-112
17:02:453333	-896	3600	-144
17:02:459376	-896	3600	-144
17:02:465176	-896	3600	-144
17:02:471149	-896	3680	-64
17:02:477272	-704	3680	-64
17:02:483353	-704	3680	-64
17:02:488966	-704	3680	192
17:02:494431	-528	3968	192
17:02:500161	-528	3968	192
17:02:505919	-528	3968	192
17:02:511539	-272	4288	464
17:02:517167	-352	4288	464
17:02:522971	-352	4288	464
17:02:528682	-352	4288	720
17:02:534548	-288	4544	624
17:02:540458	-288	4544	624
17:02:546182	-288	4544	624
17:02:551962	-288	4512	592
17:02:556533	-336	4512	592
17:02:560853	-336	4512	592
17:02:565289	-336	4512	592
17:02:569781	-336	4512	512
17:02:574061	-448	4304	512
17:02:578212	-448	4304	512
17:02:582360	-448	4304	512
17:02:586603	-448	4304	512
17:02:590903	-448	4304	224
17:02:596700	-480	4144	224
17:02:606487	-480	4144	224
17:02:610909	-480	3888	16
17:02:615111	-400	3968	16
17:02:619256	-400	3968	16
17:02:623393	-400	3968	16
17:02:627550	-400	3968	16
17:02:631888	-400	3808	-144
17:02:636286	-352	3808	-144
17:02:640575	-352	3808	-144
17:02:644752	-352	3808	-144
17:02:648944	-352	3808	-144
17:02:653147	-368	3776	-128
17:02:658543	-368	3776	-128
17:02:664168	-368	3776	-128
17:02:669929	-368	3776	128
17:02:675573	-480	3840	0
17:02:681068	-480	3840	0
17:02:686531	-480	3840	0
17:02:692021	-480	3840	144
17:02:697705	-528	4032	144
17:02:703472	-528	4032	144
17:02:709128	-528	4032	144
17:02:714606	-576	4288	384
17:02:720082	-576	4288	384
17:02:725608	-576	4288	384
17:02:731344	-576	4288	512
17:02:737129	-720	4480	512
17:02:742932	-720	4480	512
17:02:748864	-720	4480	512
17:02:754856	-640	4384	512
17:02:759579	-640	4384	512
17:02:765532	-640	4384	512
17:02:770994	-640	4384	256
17:02:775677	-624	4160	448
17:02:780009	-624	4160	448
17:02:784371	-624	4160	448
17:02:788689	-624	4160	448
17:02:793046	-624	3968	272
17:02:797380	-576	3968	272
17:02:801598	-576	3968	272
17:02:805740	-576	3968	272
17:02:809873	-576	3968	272
17:02:814006	-496	3968	48
17:02:818132	-496	3968	48
17:02:822306	-496	3968	48
17:02:826586	-496	3968	48
17:02:830815	-496	3968	-208
17:02:834977	-416	3936	-16
17:02:839226	-416	3936	-16
17:02:843536	-416	3936	-16
17:02:847891	-416	3936	-16
17:02:852313	-416	3936	32
17:02:856681	-464	3968	32
17:02:861167	-464	3968	32
17:02:865540	-464	3968	32
17:02:869736	-464	3968	32
17:02:873874	-464	4064	96
17:02:878005	-448	4064	96
17:02:882140	-448	4064	96
17:02:886309	-448	4064	96
17:02:890631	-448	4064	96
17:02:894836	-576	4192	208
17:02:898976	-576	4192	208
17:02:903113	-576	4192	208
17:02:907236	-576	4192	208
17:02:911369	-576	4192	208
17:02:915498	-640	4256	336
17:02:919697	-640	4256	336
17:02:924040	-640	4256	336
17:02:931297	-640	4256	336
17:02:935674	-672	4304	368
17:02:940045	-672	4304	368
17:02:944827	-672	4304	368
17:02:949273	-672	4304	368
17:02:953664	-672	4304	304
17:02:959431	-720	4208	304
17:02:965191	-720	4208	304
17:02:970747	-720	4208	304
17:02:976301	-720	4112	256
17:02:981883	-720	4112	256
17:02:987675	-720	4112	256
17:02:993292	-720	4112	160
17:02:998802	-576	4048	160
17:03:004302	-576	4048	160
17:03:009801	-576	4048	160
17:03:015466	-576	3952	160
17:03:021221	-528	3952	160
17:03:026931	-528	3952	160
17:03:032768	-528	3952	160
17:03:038533	-512	3952	144
17:03:044191	-512	3952	144
17:03:049958	-512	3952	144
17:03:055525	-512	4064	208
17:03:059900	-576	4064	208
17:03:064128	-576	4064	208
17:03:068435	-576	4064	208
17:03:072667	-576	4064	208
