TimeNow		X-Axis	Y-Axis	Z-Axis
15:58:047072	-16	4128	48
15:58:050177	-16	4128	48
15:58:053352	-16	4128	48
15:58:056493	-16	4128	48
15:58:059448	0	4112	32
15:58:062575	0	4112	32
15:58:065538	0	4112	32
15:58:068587	0	4112	32
15:58:071545	0	4112	32
15:58:074524	0	4112	32
15:58:077434	0	4112	32
15:58:080283	-64	4128	32
15:58:083088	-64	4128	32
15:58:085887	-64	4128	32
15:58:088689	-64	4128	32
15:58:091522	-64	4128	32
15:58:094443	-64	4128	32
15:58:097447	-64	4128	32
15:58:100366	0	4112	64
15:58:103261	0	4112	64
15:58:106159	0	4112	64
15:58:109099	0	4112	64
15:58:112039	0	4112	64
15:58:115108	0	4112	64
15:58:118142	0	4112	64
15:58:121175	-16	4128	48
15:58:124160	-16	4128	48
15:58:127021	-16	4128	48
15:58:129880	-16	4128	48
15:58:132749	-16	4128	48
15:58:135607	-16	4128	48
15:58:138534	-16	4128	48
15:58:141511	0	4128	80
15:58:144502	0	4128	80
15:58:147301	0	4128	80
15:58:150230	0	4128	80
15:58:153110	0	4128	80
15:58:155998	0	4128	80
15:58:158934	0	4128	32
15:58:161925	-32	4112	32
15:58:164949	-32	4112	32
15:58:167952	-32	4112	32
15:58:170888	-32	4112	32
15:58:173898	-32	4112	32
15:58:176923	-32	4112	32
15:58:179915	-32	4112	64
15:58:182795	0	4112	64
15:58:185636	0	4112	64
15:58:188439	0	4112	64
15:58:191250	0	4112	64
15:58:194142	0	4112	64
15:58:196976	0	4112	64
15:58:199955	0	4112	32
15:58:203012	-32	4144	32
15:58:205971	-32	4144	32
15:58:209087	-32	4144	32
15:58:212425	-32	4144	32
15:58:215534	-32	4144	32
15:58:218539	-32	4144	32
15:58:221419	-32	4160	64
15:58:224270	-32	4160	64
15:58:227117	-32	4160	64
15:58:229982	-32	4160	64
15:58:232857	-32	4160	64
15:58:235756	-32	4160	64
15:58:238938	-32	4160	64
15:58:241910	-48	4128	80
15:58:244741	-48	4128	80
15:58:247540	-48	4128	80
15:58:250360	-48	4128	80
15:58:253163	-48	4128	80
15:58:255999	-48	4128	80
15:58:258924	-48	4128	80
15:58:261914	-32	4112	32
15:58:265018	-32	4112	32
15:58:268056	-32	4112	32
15:58:271148	-32	4112	32
15:58:274159	-32	4112	32
15:58:277027	-32	4112	32
15:58:279861	-32	4112	32
15:58:282660	-64	4128	32
15:58:285459	-64	4128	32
15:58:288256	-64	4128	32
15:58:291055	-64	4128	32
15:58:293849	-64	4128	32
15:58:296656	-64	4128	32
15:58:299543	-64	4128	32
15:58:302510	-32	4112	64
15:58:305366	-32	4112	64
15:58:308199	-32	4112	64
15:58:311000	-32	4112	64
15:58:313795	-32	4112	64
15:58:316587	-32	4112	64
15:58:319396	-32	4112	64
15:58:322209	0	4112	32
15:58:325263	0	4112	32
15:58:328236	0	4112	32
15:58:331235	0	4112	32
15:58:334388	0	4112	32
15:58:337704	0	4112	32
15:58:340723	0	4112	32
15:58:343742	-48	4144	32
15:58:346633	-48	4144	32
15:58:349478	-48	4144	32
15:58:352283	-48	4144	32
15:58:355233	-48	4144	32
15:58:358125	-48	4144	32
15:58:361073	-48	4144	64
15:58:364038	0	4112	64
15:58:367231	0	4112	64
15:58:370442	0	4112	64
15:58:373499	0	4112	64
15:58:376479	0	4112	64
15:58:379347	0	4112	64
15:58:382189	-48	4144	80
15:58:384988	-48	4144	80
15:58:387787	-48	4144	80
15:58:390588	-48	4144	80
15:58:393383	-48	4144	80
15:58:396176	-48	4144	80
15:58:399058	-48	4144	80
15:58:402243	-48	4160	32
15:58:405180	-48	4160	32
15:58:408115	-48	4160	32
15:58:411057	-48	4160	32
15:58:414055	-48	4160	32
15:58:417209	-48	4160	32
15:58:420134	-48	4160	32
15:58:423050	-16	4112	32
15:58:425937	-16	4112	32
15:58:428775	-16	4112	32
15:58:431611	-16	4112	32
15:58:434537	-16	4112	32
15:58:437683	-16	4112	32
15:58:440713	-16	4112	32
15:58:443659	-64	4160	32
15:58:446634	-64	4160	32
15:58:449696	-64	4160	32
15:58:452682	-64	4160	32
15:58:455572	-64	4160	32
15:58:458431	-64	4160	32
15:58:461321	-64	4160	48
15:58:464314	-32	4144	48
15:58:467418	-32	4144	48
15:58:470403	-32	4144	48
15:58:473211	-32	4144	48
15:58:476008	-32	4144	48
15:58:478806	-32	4144	48
15:58:481675	-32	4144	32
15:58:484504	-16	4112	32
15:58:487299	-16	4112	32
15:58:490096	-16	4112	32
15:58:492919	-16	4112	32
15:58:495790	-16	4112	32
15:58:498806	-16	4112	32
15:58:501734	-16	4112	16
15:58:504561	-32	4128	16
15:58:507373	-32	4128	16
15:58:510191	-32	4128	16
15:58:513100	-32	4128	16
15:58:516050	-32	4128	16
15:58:519036	-32	4128	16
15:58:522119	-32	4128	80
15:58:525067	16	4128	80
15:58:528077	16	4128	80
15:58:531069	16	4128	80
15:58:533986	16	4128	80
15:58:536893	16	4128	80
15:58:539768	16	4128	80
15:58:542657	16	4128	80
15:58:545482	-32	4160	80
15:58:548295	-32	4160	80
15:58:551094	-32	4160	80
15:58:553891	-32	4160	80
15:58:556701	-32	4160	80
15:58:559562	-32	4160	80
15:58:562529	-32	4160	16
15:58:565438	-48	4128	16
15:58:568276	-48	4128	16
15:58:571176	-48	4128	16
15:58:574002	-48	4128	16
15:58:576804	-48	4128	16
15:58:579851	-48	4128	16
15:58:582777	-48	4128	-16
15:58:585742	-48	4160	-16
15:58:588811	-48	4160	-16
15:58:591852	-48	4160	-16
15:58:594919	-48	4160	-16
15:58:597903	-48	4160	-16
15:58:600757	-48	4160	-16
15:58:603557	-48	4160	48
15:58:606352	-32	4128	48
15:58:609150	-32	4128	48
15:58:611945	-32	4128	48
15:58:614739	-32	4128	48
15:58:617533	-32	4128	48
15:58:620356	-32	4128	48
15:58:623218	-32	4128	16
15:58:626198	-48	4160	16
15:58:629124	-48	4160	16
15:58:631973	-48	4160	16
15:58:634773	-48	4160	16
15:58:637584	-48	4160	16
15:58:640457	-48	4160	16
15:58:643409	-48	4160	32
15:58:646332	-48	4160	32
15:58:649310	-48	4160	32
15:58:652347	-48	4160	32
15:58:655330	-48	4160	32
15:58:658427	-48	4160	32
15:58:661434	-48	4160	32
15:58:664279	-48	4128	80
15:58:667094	-32	4128	80
15:58:669896	-32	4128	80
15:58:672701	-32	4128	80
15:58:675502	-32	4128	80
15:58:678303	-32	4128	80
15:58:681101	-32	4128	80
15:58:683910	-32	4128	80
15:58:686786	-64	4128	80
15:58:689884	-64	4128	80
15:58:692834	-64	4128	80
15:58:695824	-64	4128	80
15:58:698941	-64	4128	80
15:58:702003	-64	4128	80
15:58:705032	-16	4112	16
15:58:707946	-16	4112	16
15:58:710817	-16	4112	16
15:58:713644	-16	4112	16
15:58:716506	-16	4112	16
15:58:719506	-16	4112	16
15:58:722418	-16	4112	16
15:58:726152	-32	4176	48
15:58:731765	-32	4176	48
15:58:737485	-32	4176	48
15:58:743475	-32	4176	48
15:58:749189	-48	4128	16
15:58:754887	-48	4128	16
15:58:760620	-48	4128	16
15:58:766233	-48	4128	32
15:58:771696	-48	4144	32
15:58:777148	-48	4144	32
15:58:782662	-48	4144	32
15:58:788319	-64	4160	64
15:58:794144	-64	4160	64
15:58:799716	-64	4160	64
15:58:805342	-64	4160	32
15:58:811149	-16	4160	32
15:58:816893	-16	4160	32
15:58:822712	-16	4160	32
15:58:827945	-16	4192	-16
15:58:832087	-16	4192	-16
15:58:836479	-16	4192	-16
15:58:840789	-16	4192	-16
15:58:845352	-16	4192	32
15:58:850024	-64	4112	32
15:58:854516	-64	4112	32
15:58:858845	-64	4112	32
15:58:863031	-64	4112	32
15:58:867217	0	4144	64
15:58:871437	0	4144	64
15:58:875644	0	4144	64
15:58:879882	0	4144	64
15:58:884274	0	4144	64
15:58:888545	-64	4144	16
15:58:892829	-64	4144	16
15:58:896978	-64	4144	16
15:58:901111	-64	4144	16
15:58:905241	-64	4144	16
15:58:909416	0	4144	16
15:58:913734	0	4144	16
15:58:918025	0	4144	16
15:58:922240	0	4144	16
15:58:926421	0	4144	48
15:58:931801	-32	4128	48
15:58:937276	-32	4128	48
15:58:942788	-32	4128	48
15:58:948421	-32	4128	48
15:58:954218	-16	4128	48
15:58:960061	-16	4128	48
15:58:965576	-16	4128	48
15:58:971300	0	4112	64
15:58:977120	0	4112	64
15:58:983005	0	4112	64
15:58:988674	-256	4112	112
15:58:994258	-16	4112	112
15:58:999972	-16	4112	112
15:59:005822	-16	4112	112
15:59:011588	-32	4160	16
15:59:017437	-32	4160	16
15:59:023235	-32	4160	16
15:59:028553	-32	4144	80
15:59:032751	-32	4144	80
15:59:036924	-32	4144	80
15:59:041109	-32	4144	80
15:59:045442	-32	4144	80
15:59:049709	-32	4160	64
15:59:053840	-32	4160	64
15:59:057970	-32	4160	64
15:59:062120	-32	4160	64
15:59:066261	-32	4160	64
15:59:070389	-48	4128	48
15:59:074590	-48	4128	48
15:59:078926	-48	4128	48
15:59:083188	-48	4128	48
15:59:087331	-48	4128	64
15:59:091457	-32	4112	64
15:59:095692	-32	4112	64
15:59:099950	-32	4112	64
15:59:104264	-32	4112	64
15:59:108591	-32	4128	64
15:59:113103	-64	4128	64
15:59:117482	-64	4128	64
15:59:121993	-64	4128	64
15:59:126331	-64	4128	64
15:59:131412	-48	4160	48
15:59:136993	-48	4160	48
15:59:142692	-48	4160	48
15:59:148525	-48	4160	32
15:59:154042	-64	4160	32
15:59:159507	-64	4160	32
15:59:165072	-64	4160	32
15:59:170614	-5696	13520	-6816
15:59:176320	-5664	13520	-6816
15:59:182120	-5664	13520	-6816
15:59:187644	-5664	13520	32608
15:59:193095	-816	2880	32688
15:59:198544	-816	2880	32688
15:59:204077	-816	2880	32688
15:59:210221	-816	9280	-4736
15:59:215868	10176	9408	-4736
15:59:221421	10176	9408	-4736
15:59:226924	10176	9408	-4736
15:59:232413	9296	2912	-2448
15:59:238022	9296	2912	-2448
15:59:243625	9296	2912	-2448
15:59:249310	9296	2912	1616
15:59:255143	-1168	2240	1616
15:59:260925	-1168	2240	1616
15:59:266558	-1168	2240	1616
15:59:272240	-2048	128	-288
15:59:277954	-2048	128	-288
15:59:283683	-2048	128	-288
15:59:289225	-2048	128	-272
15:59:294780	352	-208	-272
15:59:300364	352	-208	-272
15:59:306058	352	-208	-272
15:59:311636	-416	-224	272
15:59:317091	-304	-224	272
15:59:322565	-304	-224	272
15:59:328055	-304	-224	272
15:59:332677	-32	-176	80
15:59:336949	-32	-176	80
15:59:341164	-32	-176	80
15:59:345324	-32	-176	80
15:59:349465	-32	-176	112
15:59:353594	-112	-128	112
15:59:357822	-112	-128	112
15:59:362004	-112	-128	112
15:59:366285	-112	-128	112
15:59:370665	-112	384	224
15:59:374962	0	304	224
15:59:379233	0	304	224
15:59:383656	0	304	224
15:59:388275	0	304	224
15:59:392526	4384	8112	-1728
15:59:396818	4384	8112	-1728
15:59:401083	4384	8112	-1728
15:59:405272	4384	8112	-1728
15:59:409407	4384	8112	4672
15:59:413526	5792	10848	4672
15:59:417720	5792	10848	4672
15:59:421882	5792	10848	4672
15:59:426041	5792	10848	4672
15:59:430669	5792	10848	592
15:59:436388	-976	11104	592
15:59:442067	-976	11104	592
15:59:447560	-976	11104	592
15:59:453094	-3280	8208	1600
15:59:458590	-3120	8208	1600
15:59:464274	-3120	8208	1600
15:59:470013	-3120	8208	64
15:59:475644	-5216	5376	192
15:59:481113	-5216	5376	192
15:59:486676	-5216	5376	192
15:59:492298	-5216	2048	-368
15:59:498072	-2768	2272	-368
15:59:503784	-2768	2272	-368
15:59:509278	-2768	2272	-368
15:59:514753	-1200	768	-224
15:59:520325	-1200	768	-224
15:59:526032	-1200	768	-224
15:59:531720	-1200	768	-240
15:59:537509	-208	336	-240
15:59:543564	-208	336	-240
15:59:549449	-208	336	-240
15:59:555151	-656	816	-480
15:59:560982	-656	816	-480
15:59:567031	-656	816	-480
15:59:572909	-656	1584	-1920
15:59:578522	-1024	1696	-1920
15:59:584083	-1024	1696	-1920
15:59:589745	-1024	1696	-1920
15:59:595577	-896	1824	-2160
15:59:601311	-896	1824	-2160
15:59:607200	-896	1824	-2160
15:59:612841	-896	2592	-1936
15:59:618335	-144	2720	-1936
15:59:624096	-144	2720	-1936
15:59:630056	-144	2720	-1936
15:59:634609	1344	6224	-1568
15:59:638739	1344	6224	-1568
15:59:642988	1344	6224	-1568
15:59:647233	1344	6224	-1568
15:59:651457	1344	6224	1760
15:59:655716	3376	9152	1552
15:59:660201	3376	9152	1552
15:59:664540	3376	9152	1552
