TimeNow		X-Axis	Y-Axis	Z-Axis
18:09:387194	0	4128	80
18:09:390203	0	4128	80
18:09:393124	0	4128	80
18:09:396037	0	4128	80
18:09:399051	0	4128	80
18:09:402293	0	4128	80
18:09:405321	-16	4192	128
18:09:408439	-16	4192	128
18:09:411361	-16	4192	128
18:09:414365	-16	4192	128
18:09:417369	-16	4192	128
18:09:420346	-16	4192	128
18:09:423329	-16	4192	128
18:09:426303	0	4128	112
18:09:429261	0	4128	112
18:09:432407	0	4128	112
18:09:435366	0	4128	112
18:09:438290	0	4128	112
18:09:441229	0	4128	112
18:09:444124	0	4128	32
18:09:446961	0	4128	32
18:09:449877	0	4128	32
18:09:452798	0	4128	32
18:09:455663	0	4128	32
18:09:458524	0	4128	32
18:09:461437	0	4128	32
18:09:464423	0	4128	64
18:09:467506	16	4144	64
18:09:470601	16	4144	64
18:09:473600	16	4144	64
18:09:476482	16	4144	64
18:09:479412	16	4144	64
18:09:482389	16	4144	64
18:09:485311	16	4144	96
18:09:488188	-32	4128	96
18:09:490992	-32	4128	96
18:09:493792	-32	4128	96
18:09:496596	-32	4128	96
18:09:499405	-32	4128	96
18:09:502214	-32	4128	96
18:09:505010	-32	4128	48
18:09:507810	32	4144	48
18:09:510640	32	4144	48
18:09:513584	32	4144	48
18:09:516501	32	4144	48
18:09:519410	32	4144	48
18:09:522215	32	4144	48
18:09:525015	32	4144	128
18:09:527816	-16	4160	128
18:09:530615	-16	4160	128
18:09:533412	-16	4160	128
18:09:536209	-16	4160	128
18:09:539100	-16	4160	128
18:09:542006	-16	4160	128
18:09:544930	-16	4160	128
18:09:547928	16	4128	80
18:09:551071	16	4128	80
18:09:554149	16	4128	80
18:09:557318	16	4128	80
18:09:560311	16	4128	80
18:09:563176	16	4128	80
18:09:566020	16	4128	64
18:09:568878	-16	4160	64
18:09:571730	-16	4160	64
18:09:574604	-16	4160	64
18:09:577546	-16	4160	64
18:09:580560	-16	4160	64
18:09:583422	-16	4160	64
18:09:586222	-16	4160	48
18:09:589025	0	4112	48
18:09:591826	0	4112	48
18:09:594680	0	4112	48
18:09:597664	0	4112	48
18:09:600664	0	4112	48
18:09:603760	0	4112	48
18:09:606831	-256	4080	80
18:09:610008	-32	4080	80
18:09:612969	-32	4080	80
18:09:615828	-32	4080	80
18:09:618688	-32	4080	80
18:09:621601	-32	4080	80
18:09:624426	-32	4080	80
18:09:627224	-32	4128	96
18:09:630031	-32	4128	96
18:09:632833	-32	4128	96
18:09:635646	-32	4128	96
18:09:638516	-32	4128	96
18:09:641449	-32	4128	96
18:09:644439	-32	4128	96
18:09:647305	-16	4144	48
18:09:650113	-16	4144	48
18:09:652916	-16	4144	48
18:09:655717	-16	4144	48
18:09:658529	-16	4144	48
18:09:661328	-16	4144	48
18:09:664125	-16	4144	48
18:09:666943	240	4144	32
18:09:669865	16	4128	32
18:09:672901	16	4128	32
18:09:675801	16	4128	32
18:09:678682	16	4128	32
18:09:681647	16	4128	32
18:09:684753	16	4128	32
18:09:687986	-48	4112	112
18:09:690909	-48	4112	112
18:09:693805	-48	4112	112
18:09:696655	-48	4112	112
18:09:699498	-48	4112	112
18:09:702405	-48	4112	112
18:09:705373	-48	4112	112
18:09:708271	-48	4112	112
18:09:711081	-48	4112	112
18:09:713881	-48	4112	112
18:09:716679	-48	4112	112
18:09:719486	-48	4112	112
18:09:722355	-48	4112	112
18:09:725293	-48	4112	112
18:09:728308	-16	4128	80
18:09:731459	-16	4128	80
18:09:734457	-16	4128	80
18:09:737499	-16	4128	80
18:09:740634	-16	4128	80
18:09:743625	-16	4128	80
18:09:746449	-16	4128	80
18:09:749254	48	4096	80
18:09:752057	48	4096	80
18:09:754859	48	4096	80
18:09:757658	48	4096	80
18:09:760456	48	4096	80
18:09:763266	48	4096	80
18:09:766147	48	4096	80
18:09:769068	32	4128	96
18:09:771937	32	4128	96
18:09:774741	32	4128	96
18:09:777540	32	4128	96
18:09:780374	32	4128	96
18:09:783178	32	4128	96
18:09:786083	32	4128	96
18:09:789045	80	4096	80
18:09:792026	80	4096	80
18:09:795240	80	4096	80
18:09:798478	80	4096	80
18:09:801546	80	4096	80
18:09:804538	80	4096	80
18:09:807396	80	4096	64
18:09:810215	96	4160	64
18:09:813098	96	4160	64
18:09:816029	96	4160	64
18:09:819022	96	4160	64
18:09:822039	96	4160	64
18:09:824955	96	4160	64
18:09:827896	96	4160	16
18:09:830876	160	4160	16
18:09:833830	160	4160	16
18:09:836732	160	4160	16
18:09:839575	160	4160	16
18:09:842410	160	4160	16
18:09:845225	160	4160	16
18:09:848031	160	4160	64
18:09:850840	192	4128	64
18:09:853643	192	4128	64
18:09:856441	192	4128	64
18:09:859358	192	4128	64
18:09:862412	192	4128	64
18:09:865461	192	4128	64
18:09:868572	192	4128	64
18:09:872020	256	4096	64
18:09:875066	256	4096	64
18:09:878101	256	4096	64
18:09:880989	256	4096	64
18:09:883839	256	4096	64
18:09:886653	256	4096	64
18:09:889472	272	4112	64
18:09:892333	272	4112	64
18:09:895248	272	4112	64
18:09:898176	272	4112	64
18:09:901100	272	4112	64
18:09:904017	272	4112	64
18:09:906954	272	4112	64
18:09:910021	336	4128	80
18:09:913167	336	4128	80
18:09:916098	336	4128	80
18:09:919012	336	4128	80
18:09:921888	336	4128	80
18:09:924778	336	4128	80
18:09:927729	336	4128	80
18:09:930602	320	4128	80
18:09:933424	320	4128	80
18:09:936224	320	4128	80
18:09:939031	320	4128	80
18:09:941845	320	4128	80
18:09:944655	320	4128	80
18:09:947455	320	4128	80
18:09:950255	448	4080	32
18:09:953057	448	4080	32
18:09:955870	448	4080	32
18:09:958758	448	4080	32
18:09:961702	448	4080	32
18:09:964655	448	4080	32
18:09:967706	448	4080	32
18:09:970761	576	4080	64
18:09:973783	576	4080	64
18:09:976802	576	4080	64
18:09:979866	576	4080	64
18:09:982754	576	4080	64
18:09:985599	576	4080	64
18:09:988459	576	4080	64
18:09:991428	624	4128	128
18:09:994319	624	4128	128
18:09:997130	624	4128	128
18:09:999936	624	4128	128
18:10:002738	624	4128	128
18:10:005539	624	4128	128
18:10:008337	624	4128	128
18:10:011135	592	4080	128
18:10:013933	592	4080	128
18:10:016731	592	4080	128
18:10:019547	592	4080	128
18:10:022445	592	4080	128
18:10:025404	592	4080	128
18:10:028285	592	4080	128
18:10:031104	528	4096	80
18:10:033904	528	4096	80
18:10:036704	528	4096	80
18:10:039504	528	4096	80
18:10:042311	528	4096	80
18:10:045124	528	4096	80
18:10:047937	528	4096	80
18:10:050754	480	4128	96
18:10:053656	480	4128	96
18:10:059200	480	4128	96
18:10:064883	480	4128	96
18:10:070489	480	4128	80
18:10:076146	512	4096	80
18:10:081970	512	4096	80
18:10:087815	512	4096	80
18:10:093583	496	4080	64
18:10:099328	496	4080	64
18:10:104797	496	4080	64
18:10:110264	496	4080	64
18:10:115757	560	4112	48
18:10:121350	560	4112	48
18:10:127098	560	4112	48
18:10:132885	560	4112	0
18:10:138533	576	4112	0
18:10:144393	576	4112	0
18:10:150227	576	4112	0
18:10:155924	560	4160	64
18:10:160174	560	4160	64
18:10:164341	560	4160	64
18:10:168476	560	4160	64
18:10:172668	560	4112	80
18:10:176940	512	4112	80
18:10:181315	512	4112	80
18:10:185894	512	4112	80
18:10:190317	512	4112	80
18:10:194863	512	4160	48
18:10:199131	512	4160	48
18:10:203321	512	4160	48
18:10:207457	512	4160	48
18:10:211709	512	4160	96
18:10:216062	608	4096	96
18:10:220458	608	4096	96
18:10:225053	608	4096	96
18:10:229511	608	4096	96
18:10:233804	576	4112	64
18:10:238046	576	4112	64
18:10:242305	576	4112	64
18:10:246665	576	4112	64
18:10:251064	576	4112	64
18:10:255412	592	4144	80
18:10:259731	592	4144	80
18:10:264153	592	4144	80
18:10:268600	592	4144	80
18:10:272998	592	4144	48
18:10:277244	576	4160	48
18:10:281673	576	4160	48
18:10:286103	576	4160	48
18:10:290434	576	4160	48
18:10:294640	544	4192	0
18:10:298805	544	4192	0
18:10:302927	544	4192	0
18:10:307044	544	4192	0
18:10:311359	544	4192	0
18:10:315705	528	4160	32
18:10:319995	528	4160	32
18:10:324487	528	4160	32
18:10:328820	528	4160	32
18:10:333283	528	4160	-16
18:10:337775	480	4144	-16
18:10:342205	480	4144	-16
18:10:346687	480	4144	-16
18:10:351285	480	4144	-16
18:10:355748	544	4112	64
18:10:358840	544	4112	64
18:10:361831	544	4112	64
18:10:364866	544	4112	64
18:10:367936	544	4112	64
18:10:371100	544	4112	64
18:10:374380	544	4128	48
18:10:377371	544	4128	48
18:10:380545	544	4128	48
18:10:383635	544	4128	48
18:10:386588	544	4128	48
18:10:389442	544	4128	48
18:10:392250	544	4128	16
18:10:395250	560	4144	16
18:10:398312	560	4144	16
18:10:401418	560	4144	16
18:10:404635	560	4144	16
18:10:407743	560	4144	16
18:10:410880	560	4144	16
18:10:414086	544	4112	32
18:10:417028	544	4112	32
18:10:419934	544	4112	32
18:10:422827	544	4112	32
18:10:425875	544	4112	32
18:10:429063	544	4112	32
18:10:432445	544	4112	32
18:10:435552	496	4112	48
18:10:438637	496	4112	48
18:10:441763	496	4112	48
18:10:444975	496	4112	48
18:10:448184	496	4112	48
18:10:451115	496	4112	48
18:10:454022	752	4080	16
18:10:456867	512	4080	16
18:10:459669	512	4080	16
18:10:462472	512	4080	16
18:10:465460	512	4080	16
18:10:468284	512	4080	16
18:10:471124	512	4080	16
18:10:474051	512	4080	32
18:10:477006	544	4064	32
18:10:479940	544	4064	32
18:10:482793	544	4064	32
18:10:485714	544	4064	32
18:10:488707	544	4064	32
18:10:491799	544	4064	32
18:10:494834	592	4096	48
18:10:497904	592	4096	48
18:10:500914	592	4096	48
18:10:504060	592	4096	48
18:10:507208	592	4096	48
18:10:510217	592	4096	48
18:10:513144	592	4096	48
18:10:516049	576	4096	16
18:10:518969	576	4096	16
18:10:521875	576	4096	16
18:10:524778	576	4096	16
18:10:527700	576	4096	16
18:10:530607	576	4096	16
18:10:533538	576	4096	32
18:10:536541	592	4048	32
18:10:539591	592	4048	32
18:10:542546	592	4048	32
18:10:545464	592	4048	32
18:10:548315	592	4048	32
18:10:551122	592	4048	32
18:10:554003	592	4048	-16
18:10:556913	592	4048	-16
18:10:559826	592	4048	-16
18:10:562779	592	4048	-16
18:10:565767	592	4048	-16
18:10:568760	592	4048	-16
18:10:571657	592	4048	-16
18:10:574546	592	4048	80
18:10:577450	592	4032	80
18:10:580296	592	4032	80
18:10:583170	592	4032	80
18:10:586079	592	4032	80
18:10:588991	592	4032	80
18:10:591826	592	4032	80
18:10:594754	592	4032	32
18:10:597837	640	4032	32
18:10:600988	640	4032	32
18:10:604139	640	4032	32
18:10:607260	640	4032	32
18:10:610377	640	4032	32
18:10:613356	640	4032	32
18:10:616282	688	4032	32
18:10:619240	688	4032	32
18:10:622207	688	4032	32
18:10:625107	688	4032	32
18:10:628011	688	4032	32
18:10:631081	688	4032	32
18:10:634171	688	4032	32
18:10:637111	688	4000	48
18:10:639959	688	4000	48
18:10:642843	688	4000	48
18:10:645685	688	4000	48
18:10:648545	688	4000	48
18:10:651432	688	4000	48
18:10:654341	688	4000	48
18:10:657169	704	3968	0
18:10:660002	704	3968	0
18:10:662997	704	3968	0
18:10:665978	704	3968	0
18:10:669088	704	3968	0
18:10:672141	704	3968	0
18:10:675210	704	3968	32
18:10:678558	720	3952	32
18:10:681772	720	3952	32
18:10:684782	720	3952	32
18:10:687800	720	3952	32
18:10:690698	720	3952	32
18:10:693670	720	3952	32
18:10:696634	704	3968	32
18:10:699560	704	3968	32
18:10:702561	704	3968	32
18:10:705599	704	3968	32
18:10:708836	704	3968	32
18:10:711870	704	3968	32
18:10:714900	704	3968	32
18:10:717824	672	3968	16
18:10:720675	672	3968	16
18:10:723509	672	3968	16
18:10:726495	672	3968	16
18:10:729568	672	3968	16
18:10:732510	672	3968	16
18:10:735385	672	3968	48
18:10:738296	672	3904	48
18:10:741140	672	3904	48
18:10:744009	672	3904	48
18:10:746847	672	3904	48
18:10:749755	672	3904	48
18:10:752643	672	3904	48
18:10:755705	672	3904	16
18:10:758813	720	3904	16
18:10:761932	720	3904	16
18:10:765102	720	3904	16
18:10:768274	720	3904	16
18:10:771197	720	3904	16
18:10:774134	720	3904	16
18:10:777035	768	3936	48
18:10:779949	768	3936	48
18:10:782847	768	3936	48
18:10:785749	768	3936	48
18:10:788790	768	3936	48
18:10:791877	768	3936	48
18:10:794976	768	3936	48
18:10:798167	784	3968	48
18:10:801498	784	3968	48
18:10:804623	784	3968	48
18:10:807675	784	3968	48
18:10:810567	784	3968	48
18:10:813412	784	3968	48
18:10:816211	784	3968	64
18:10:819072	848	3952	64
18:10:822015	848	3952	64
18:10:824871	848	3952	64
18:10:827678	848	3952	64
18:10:830490	848	3952	64
18:10:833329	848	3952	64
18:10:836282	848	3952	64
18:10:839263	912	3888	64
18:10:842530	912	3888	64
18:10:845846	912	3888	64
18:10:848822	912	3888	64
18:10:851738	912	3888	64
18:10:854867	912	3888	64
18:10:857923	976	3920	80
18:10:860875	976	3920	80
18:10:863719	976	3920	80
18:10:866517	976	3920	80
18:10:869398	976	3920	80
18:10:872281	976	3920	80
18:10:875329	976	3920	80
18:10:878469	976	3872	32
18:10:881742	976	3872	32
18:10:884962	976	3872	32
18:10:888068	976	3872	32
18:10:891019	976	3872	32
18:10:893952	976	3872	32
18:10:896858	976	3872	0
