TimeNow		X-Axis	Y-Axis	Z-Axis
1610331803318	-432	320	-4032
1610331803422	-464	272	-3984
1610331803525	-480	272	-4032
1610331803629	-496	304	-4000
1610331803733	-480	288	-4064
1610331803836	-464	320	-4016
1610331803940	-432	272	-3984
1610331804044	-464	352	-4016
1610331804147	-480	336	-4064
1610331804251	-480	336	-4016
1610331804356	-496	272	-4048
1610331804462	-416	320	-4032
1610331804567	-464	320	-4016
1610331804673	-480	288	-4000
1610331804778	-464	336	-4032
1610331804884	-496	288	-4000
1610331804989	-448	320	-4016
1610331805094	-736	128	-3936
1610331805200	-336	464	-4064
1610331805305	-400	352	-3968
1610331805411	-464	320	-4048
1610331805516	-560	288	-3952
1610331805621	-480	336	-4000
1610331805727	-416	384	-4128
1610331805834	-848	96	-4112
1610331805940	-576	192	-4032
1610331806045	-384	256	-4128
1610331806150	-368	48	-4288
1610331806256	-320	0	-4496
1610331806361	-464	-400	-4576
1610331806467	-464	-400	-4256
1610331806572	-752	-1024	-4208
1610331806676	-880	-528	-3520
1610331806780	-1536	-864	-3312
1610331806884	-1376	-800	-3264
1610331806987	-1536	-640	-2784
1610331807091	-1296	-576	-2992
1610331807195	-1536	-352	-3728
1610331807299	-1520	-304	-3760
1610331807405	-1552	-208	-3888
1610331807511	-1152	-528	-4224
1610331807616	-720	-352	-4272
1610331807720	-608	-336	-4400
1610331807824	-304	-560	-4272
1610331807928	-336	0	-3728
1610331808031	-336	-32	-3840
1610331808135	-448	416	-4064
1610331808239	-432	336	-4000
1610331808342	-432	368	-4048
1610331808449	-400	352	-4016
1610331808556	-480	368	-4064
1610331808662	-464	448	-4080
1610331808768	-288	1104	-4032
1610331808873	-176	880	-3760
1610331808978	-128	-992	-4240
1610331809084	-400	352	-4048
1610331809189	-416	304	-3968
1610331809295	-576	688	-4000
1610331809400	-576	448	-3856
1610331809505	-416	112	-4240
1610331809611	-528	32	-4128
1610331809716	-528	-176	-4224
1610331809822	-800	272	-4224
1610331809928	-944	352	-3488
1610331810031	-784	448	-3824
1610331810135	-1168	1040	-4032
1610331810239	-1040	1408	-3968
1610331810343	-1216	1312	-4112
1610331810446	-1408	1056	-4048
1610331810550	-1904	1168	-4032
1610331810654	-1360	1088	-3216
1610331810759	-768	960	-2096
1610331810866	-1008	960	-2384
1610331810970	-1760	272	-2960
1610331811074	-2944	272	-4512
1610331811177	-2128	-400	-4608
1610331811281	-1440	-400	-4528
1610331811385	-1072	-64	-4176
1610331811488	-1104	-32	-3968
1610331811592	-1120	80	-3968
1610331811697	-992	240	-3904
1610331811804	-1104	336	-4016
1610331811908	-1136	448	-4448
1610331812012	-1296	160	-4160
1610331812116	-1296	304	-3888
1610331812219	-1344	496	-3824
1610331812323	-1200	752	-3760
1610331812427	-1136	1136	-3584
1610331812532	-1216	1216	-3712
1610331812636	-1136	1344	-3728
1610331812740	-1040	1280	-3616
1610331812844	-944	1280	-3936
1610331812948	-896	1136	-3888
1610331813051	-784	1264	-3888
1610331813155	-832	976	-4176
1610331813259	-960	800	-3888
1610331813365	-272	336	-2288
1610331813471	-432	784	-2288
1610331813576	-1184	736	-4016
