TimeNow		X-Axis	Y-Axis	Z-Axis
07:34:387993	-6720	-192	-2080
07:34:390857	-6720	-192	-2080
07:34:393757	-6720	-192	-2080
07:34:396654	-6720	-192	-2080
07:34:399580	-6720	-192	-2080
07:34:402635	-6720	-192	-2080
07:34:405662	0	4112	-16
07:34:408670	0	4112	-16
07:34:411651	0	4112	-16
07:34:414552	0	4112	-16
07:34:417502	0	4112	-16
07:34:420499	0	4112	-16
07:34:423419	0	4112	-16
07:34:426266	-32	4144	64
07:34:429159	-32	4144	64
07:34:432058	-32	4144	64
07:34:435063	-32	4144	64
07:34:438034	-32	4144	64
07:34:440935	-32	4144	64
07:34:443898	-32	4144	64
07:34:446934	-32	4144	16
07:34:450031	-32	4144	16
07:34:453096	-32	4144	16
07:34:456247	-32	4144	16
07:34:459251	-32	4144	16
07:34:462155	-32	4144	16
07:34:465011	-32	4144	16
07:34:467894	-16	4144	16
07:34:470729	-16	4144	16
07:34:473529	-16	4144	16
07:34:476405	-16	4144	16
07:34:479372	-16	4144	16
07:34:482455	-16	4144	16
07:34:485454	-16	4144	16
07:34:488363	-32	4128	16
07:34:491296	-32	4128	16
07:34:494281	-32	4128	16
07:34:497313	-32	4128	16
07:34:500416	-32	4128	16
07:34:503487	-32	4128	16
07:34:506455	0	4128	48
07:34:509539	0	4128	48
07:34:512498	0	4128	48
07:34:515528	0	4128	48
07:34:518544	0	4128	48
07:34:521466	0	4128	48
07:34:524371	0	4128	48
07:34:527293	-48	4160	-16
07:34:530223	-48	4160	-16
07:34:533140	-48	4160	-16
07:34:536054	-48	4160	-16
07:34:538959	-48	4160	-16
07:34:541911	-48	4160	-16
07:34:544982	-48	4160	-16
07:34:547987	-32	4128	-48
07:34:550901	-32	4128	-48
07:34:553807	-32	4128	-48
07:34:556712	-32	4128	-48
07:34:559612	-32	4128	-48
07:34:562519	-32	4128	-48
07:34:565475	-32	4128	208
07:34:568509	0	4160	0
07:34:571457	0	4160	0
07:34:574454	0	4160	0
07:34:577424	0	4160	0
07:34:580484	0	4160	0
07:34:583425	0	4160	0
07:34:586331	0	4160	16
07:34:589241	0	4128	16
07:34:592151	0	4128	16
07:34:595056	0	4128	16
07:34:598013	0	4128	16
07:34:601063	0	4128	16
07:34:604233	0	4128	16
07:34:607336	0	4144	-16
07:34:610520	0	4144	-16
07:34:613389	0	4144	-16
07:34:616262	0	4144	-16
07:34:619104	0	4144	-16
07:34:622021	0	4144	-16
07:34:624889	0	4144	-16
07:34:627696	-16	4144	0
07:34:630584	-16	4144	0
07:34:633416	-16	4144	0
07:34:636299	-16	4144	0
07:34:639298	-16	4144	0
07:34:642343	-16	4144	0
07:34:645287	-16	4144	0
07:34:648225	-32	4128	0
07:34:651325	-32	4128	0
07:34:654522	-32	4128	0
07:34:657503	-32	4128	0
07:34:660451	-32	4128	0
07:34:663254	-32	4128	0
07:34:666098	-32	4128	-256
07:34:669042	16	4144	-16
07:34:672259	16	4144	-16
07:34:675320	16	4144	-16
07:34:678340	16	4144	-16
07:34:681528	16	4144	-16
07:34:684494	16	4144	-16
07:34:687403	16	4144	0
07:34:690283	16	4112	0
07:34:693128	16	4112	0
07:34:696027	16	4112	0
07:34:698874	16	4112	0
07:34:701760	16	4112	0
07:34:704810	16	4112	0
07:34:707859	-240	4128	0
07:34:710859	-16	4128	0
07:34:713910	-16	4128	0
07:34:716953	-16	4128	0
07:34:719870	-16	4128	0
07:34:722821	-16	4128	0
07:34:725712	-16	4128	0
07:34:728640	-16	4128	16
07:34:731493	-16	4128	16
07:34:734437	-16	4128	16
07:34:737461	-16	4128	16
07:34:740393	-16	4128	16
07:34:743272	-16	4128	16
07:34:746124	-16	4128	16
07:34:749052	-32	4128	0
07:34:751898	-32	4128	0
07:34:754774	-32	4128	0
07:34:757623	-32	4128	0
07:34:760521	-32	4128	0
07:34:763381	-32	4128	0
07:34:766258	-32	4128	0
07:34:769247	-16	4160	16
07:34:772394	-16	4160	16
07:34:775813	-16	4160	16
07:34:778841	-16	4160	16
07:34:781807	-16	4160	16
07:34:784778	-16	4160	16
07:34:787702	-16	4160	-32
07:34:790510	-32	4128	-32
07:34:793307	-32	4128	-32
07:34:796226	-32	4128	-32
07:34:799323	-32	4128	-32
07:34:802315	-32	4128	-32
07:34:805231	-32	4128	-32
07:34:808070	-32	4128	32
07:34:810959	-32	4144	32
07:34:813839	-32	4144	32
07:34:816851	-32	4144	32
07:34:819952	-32	4144	32
07:34:822952	-32	4144	32
07:34:825895	-32	4144	32
07:34:828832	-32	4144	0
07:34:831893	-48	4128	0
07:34:834809	-48	4128	0
07:34:837708	-48	4128	0
07:34:840607	-48	4128	0
07:34:843553	-48	4128	0
07:34:846599	-48	4128	0
07:34:849829	0	4128	16
07:34:852835	0	4128	16
07:34:855789	0	4128	16
07:34:858840	0	4128	16
07:34:861930	0	4128	16
07:34:865027	0	4128	16
07:34:867934	0	4128	16
07:34:870948	0	4176	16
07:34:874012	0	4176	16
07:34:877048	0	4176	16
07:34:880007	0	4176	16
07:34:882956	0	4176	16
07:34:885957	0	4176	16
07:34:888908	0	4176	32
07:34:891892	-48	4112	32
07:34:894919	-48	4112	32
07:34:897896	-48	4112	32
07:34:900756	-48	4112	32
07:34:903708	-48	4112	32
07:34:906762	-48	4112	32
07:34:909957	-32	4144	-32
07:34:912949	-32	4144	-32
07:34:915860	-32	4144	-32
07:34:918680	-32	4144	-32
07:34:921646	-32	4144	-32
07:34:924699	-32	4144	-32
07:34:927681	-32	4144	-32
07:34:930578	0	4160	64
07:34:933558	0	4160	64
07:34:936637	0	4160	64
07:34:939694	0	4160	64
07:34:942604	0	4160	64
07:34:945491	0	4160	64
07:34:948366	0	4160	64
07:34:951241	0	4160	16
07:34:954168	0	4160	16
07:34:957255	0	4160	16
07:34:960180	0	4160	16
07:34:963076	0	4160	16
07:34:965948	0	4160	16
07:34:968815	0	4160	-240
07:34:971687	0	4144	-16
07:34:974659	0	4144	-16
07:34:977649	0	4144	-16
07:34:980731	0	4144	-16
07:34:983803	0	4144	-16
07:34:986921	0	4144	-16
07:34:990022	0	4144	-32
07:34:992931	-16	4144	-32
07:34:995852	-16	4144	-32
07:34:998756	-16	4144	-32
07:35:001634	-16	4144	-32
07:35:004510	-16	4144	-32
07:35:007403	-16	4144	-32
07:35:010278	-16	4144	0
07:35:013163	-16	4176	0
07:35:016025	-16	4176	0
07:35:019007	-16	4176	0
07:35:022097	-16	4176	0
07:35:025112	-16	4176	0
07:35:028272	-16	4176	0
07:35:031459	0	4096	-32
07:35:034947	0	4096	-32
07:35:040624	0	4096	-32
07:35:046346	0	4096	-32
07:35:052212	0	4096	16
07:35:058002	0	4144	16
07:35:063703	0	4144	16
07:35:069288	0	4144	16
07:35:075421	-32	4160	-32
07:35:081363	-32	4160	-32
07:35:087386	-32	4160	-32
07:35:093493	224	4160	0
07:35:099117	0	4160	0
07:35:104852	0	4160	0
07:35:110813	0	4160	0
07:35:116702	0	4144	48
07:35:122555	0	4144	48
07:35:128308	0	4144	48
07:35:134074	-256	4128	0
07:35:139071	-16	4128	0
07:35:143438	-16	4128	0
07:35:147838	-16	4128	0
07:35:152225	-16	4128	0
07:35:156514	-32	4144	0
07:35:160913	-32	4144	0
07:35:165325	-32	4144	0
07:35:169687	-32	4144	0
07:35:173992	0	4144	48
07:35:178359	0	4144	48
07:35:183069	0	4144	48
07:35:187550	0	4144	48
07:35:192095	0	4144	32
07:35:196417	0	4128	32
07:35:200759	0	4128	32
07:35:205116	0	4128	32
07:35:209518	0	4128	32
07:35:213960	0	4128	0
07:35:218299	0	4128	0
07:35:222566	0	4128	0
07:35:226989	0	4128	0
07:35:231456	0	4128	-256
07:35:236128	-16	4144	-48
07:35:240632	-16	4144	-48
07:35:245236	-16	4144	-48
07:35:249773	-16	4144	-48
07:35:254065	-32	4096	0
07:35:258281	-32	4096	0
07:35:262435	-32	4096	0
07:35:266840	-32	4096	0
07:35:271211	-32	4096	-256
07:35:275755	0	4144	-48
07:35:280235	0	4144	-48
07:35:284598	0	4144	-48
07:35:288828	0	4144	-48
07:35:293066	0	4144	0
07:35:297243	-64	4128	0
07:35:301371	-64	4128	0
07:35:305629	-64	4128	0
07:35:310117	-64	4128	0
07:35:314499	-48	4144	-32
07:35:318888	-48	4144	-32
07:35:323182	-48	4144	-32
07:35:327398	-48	4144	-32
07:35:331608	-48	4144	-32
07:35:335895	-48	4128	64
07:35:340280	-48	4128	64
07:35:344625	-48	4128	64
07:35:348808	-48	4128	64
07:35:352942	-48	4128	16
07:35:357155	16	4128	16
07:35:361464	16	4128	16
07:35:365923	16	4128	16
07:35:370472	16	4128	16
07:35:374824	-240	4176	16
07:35:379083	-48	4176	16
07:35:383283	-48	4176	16
07:35:387448	-48	4176	16
07:35:391583	-48	4176	16
07:35:395718	-16	4160	16
07:35:400028	-16	4160	16
07:35:404423	-16	4160	16
07:35:408974	-16	4160	16
07:35:413378	-16	4160	-32
07:35:417690	0	4128	-32
07:35:421981	0	4128	-32
07:35:426214	0	4128	-32
07:35:430591	0	4128	-32
07:35:435113	-256	4160	0
07:35:439548	-48	4160	0
07:35:443755	-48	4160	0
07:35:447893	-48	4160	0
07:35:452105	-48	4160	0
07:35:456376	-16	4160	16
07:35:460658	-16	4160	16
07:35:464971	-16	4160	16
07:35:469391	-16	4160	16
07:35:473879	-16	4160	0
07:35:478380	-16	4112	0
07:35:482667	-16	4112	0
07:35:486806	-16	4112	0
07:35:490942	-16	4112	0
07:35:495081	-16	4112	16
07:35:499255	-16	4160	16
07:35:503440	-16	4160	16
07:35:507762	-16	4160	16
07:35:512039	-16	4160	16
07:35:516228	0	4112	0
07:35:520554	0	4112	0
07:35:524909	0	4112	0
07:35:529256	0	4112	0
07:35:533550	0	4112	0
07:35:537885	-32	4128	16
07:35:542216	-32	4128	16
07:35:546615	-32	4128	16
07:35:550913	-32	4128	16
07:35:555344	-32	4128	0
07:35:559618	0	4144	0
07:35:563816	0	4144	0
07:35:568244	0	4144	0
07:35:572796	0	4144	0
07:35:577138	-16	4144	-32
07:35:581431	-16	4144	-32
07:35:585857	-16	4144	-32
07:35:590154	-16	4144	-32
07:35:594368	-16	4144	224
07:35:598685	-32	4128	0
07:35:603008	-32	4128	0
07:35:607293	-32	4128	0
07:35:611493	-32	4128	0
07:35:615640	-32	4128	16
07:35:619801	-32	4112	16
07:35:623964	-32	4112	16
07:35:628110	-32	4112	16
07:35:632290	-32	4112	16
07:35:636579	-32	4112	-16
07:35:642210	-16	4112	-16
07:35:647795	-16	4112	-16
07:35:653446	-16	4112	-16
07:35:659141	0	4096	16
07:35:664858	0	4096	16
07:35:670693	0	4096	16
07:35:676627	0	4096	0
07:35:682319	-32	4144	0
07:35:688075	-32	4144	0
07:35:693741	-32	4144	0
07:35:699405	-32	4128	0
07:35:705065	-32	4128	0
07:35:710609	-32	4128	0
07:35:716093	-32	4128	64
07:35:721721	-64	4128	64
07:35:727417	-64	4128	64
07:35:733359	-64	4128	64
07:35:738803	-64	4112	32
07:35:747268	-32	4112	32
07:35:751586	-32	4112	32
07:35:757035	-32	4112	-32
07:35:761471	-48	4160	-32
07:35:768531	-48	4160	-32
07:35:779663	-48	4144	0
07:35:784035	-32	4144	0
07:35:788406	-32	4144	0
07:35:792622	-32	4144	0
07:35:796908	-32	4144	32
07:35:801320	0	4128	32
07:35:805494	0	4128	32
07:35:809625	0	4128	32
07:35:813753	0	4128	32
07:35:817891	0	4128	32
07:35:822037	0	4128	32
07:35:826230	0	4128	32
07:35:830557	0	4128	32
07:35:834809	0	4128	32
07:35:838958	16	4112	-16
07:35:843083	16	4112	-16
07:35:847207	16	4112	-16
07:35:851461	16	4112	-16
07:35:855829	16	4112	-16
07:35:860205	-16	4112	16
07:35:864632	-16	4112	16
07:35:868969	-16	4112	16
07:35:873203	-16	4112	16
07:35:877417	-16	4112	16
07:35:881700	16	4096	16
07:35:885994	16	4096	16
07:35:890390	16	4096	16
07:35:894777	16	4096	16
07:35:899066	16	4144	32
07:35:903215	32	4144	32
07:35:907355	32	4144	32
07:35:911495	32	4144	32
07:35:915735	32	4144	32
07:35:920114	-16	4128	0
07:35:924460	-16	4128	0
07:35:928960	-16	4128	0
07:35:933309	-16	4128	0
07:35:937517	-16	4128	0
07:35:941689	0	4160	0
07:35:945828	0	4160	0
07:35:950031	0	4160	0
07:35:954386	0	4160	0
07:35:958712	0	4160	0
07:35:963215	0	4112	0
07:35:967449	0	4112	0
07:35:971710	0	4112	0
07:35:976056	0	4112	0
07:35:980294	0	4096	0
07:35:987835	0	4096	0
07:35:992169	0	4096	0
07:35:996380	0	4096	0
07:36:000563	0	4112	-16
07:36:004754	0	4112	-16
07:36:008939	0	4112	-16
07:36:013059	0	4112	-16
07:36:017251	0	4112	-16
07:36:021633	-32	4160	32
07:36:025803	-32	4160	32
07:36:029926	-32	4160	32
07:36:034150	-32	4160	32
07:36:038507	-32	4160	32
07:36:043996	0	4112	32
07:36:049688	0	4112	32
07:36:055464	0	4112	32
07:36:061200	-256	4160	-16
07:36:066677	-48	4160	-16
07:36:072763	-48	4160	-16
07:36:078778	-48	4160	240
07:36:084782	-16	4176	32
07:36:090831	-16	4176	32
07:36:096491	-16	4176	32
07:36:102042	240	4144	16
07:36:107764	0	4144	16
07:36:113448	0	4144	16
07:36:119533	0	4144	16
07:36:125492	-32	4192	16
07:36:131340	-32	4192	16
07:36:137137	-32	4192	16
07:36:142133	0	4112	0
07:36:146378	0	4112	0
07:36:150741	0	4112	0
07:36:155058	0	4112	0
07:36:159239	0	4112	64
07:36:163458	-16	4128	64
07:36:167730	-16	4128	64
07:36:171972	-16	4128	64
07:36:176247	-16	4128	64
07:36:180690	-16	4128	32
07:36:185338	-16	4112	32
07:36:189772	-16	4112	32
07:36:194236	-16	4112	32
07:36:198670	-16	4112	32
07:36:203002	-32	4144	16
07:36:207345	-32	4144	16
07:36:211798	-32	4144	16
07:36:216140	-32	4144	16
07:36:220280	-32	4144	-16
07:36:224547	16	4160	-16
07:36:228731	16	4160	-16
07:36:232969	16	4160	-16
07:36:237348	16	4160	-16
07:36:242640	-240	4128	-32
07:36:248489	-16	4128	-32
