TimeNow		X-Axis	Y-Axis	Z-Axis
13:28:365462	-16	4176	64
13:28:368507	-16	4176	64
13:28:371567	-16	4176	64
13:28:374581	-64	4112	96
13:28:377557	-64	4112	96
13:28:380606	-64	4112	96
13:28:383552	-64	4112	96
13:28:386537	-64	4112	96
13:28:389553	-64	4112	96
13:28:392482	-64	4112	16
13:28:395367	16	4144	16
13:28:398218	16	4144	16
13:28:401041	16	4144	16
13:28:403852	16	4144	16
13:28:406653	16	4144	16
13:28:409458	16	4144	16
13:28:412324	16	4144	16
13:28:415276	-64	4144	32
13:28:418189	-64	4144	32
13:28:421084	-64	4144	32
13:28:424059	-64	4144	32
13:28:427210	-64	4144	32
13:28:430289	-64	4144	32
13:28:433251	-64	4144	64
13:28:436130	-16	4096	64
13:28:438978	-16	4096	64
13:28:441837	-16	4096	64
13:28:444696	-16	4096	64
13:28:447560	-16	4096	64
13:28:450397	-16	4096	64
13:28:453196	-16	4096	0
13:28:455996	-64	4128	0
13:28:458876	-64	4128	0
13:28:461816	-64	4128	0
13:28:464693	-64	4128	0
13:28:467496	-64	4128	0
13:28:470297	-64	4128	0
13:28:473100	-64	4128	0
13:28:475898	-48	4176	80
13:28:478698	-48	4176	80
13:28:481501	-48	4176	80
13:28:484299	-48	4176	80
13:28:487096	-48	4176	80
13:28:489935	-48	4176	80
13:28:492887	-48	4176	80
13:28:495788	-32	4096	16
13:28:498606	-32	4096	16
13:28:501481	-32	4096	16
13:28:504441	-32	4096	16
13:28:507433	-32	4096	16
13:28:510424	-32	4096	16
13:28:513316	-32	4096	16
13:28:516165	-48	4144	16
13:28:519017	-48	4144	16
13:28:521965	-48	4144	16
13:28:524879	-48	4144	16
13:28:527732	-48	4144	16
13:28:530553	-48	4144	16
13:28:533367	-48	4144	16
13:28:536181	-48	4160	32
13:28:538997	-48	4160	32
13:28:541814	-48	4160	32
13:28:544627	-48	4160	32
13:28:547442	-48	4160	32
13:28:550275	-48	4160	32
13:28:553247	-48	4160	32
13:28:556321	-48	4144	16
13:28:559310	-48	4144	16
13:28:562340	-48	4144	16
13:28:565377	-48	4144	16
13:28:568271	-48	4144	16
13:28:571142	-48	4144	16
13:28:574022	-48	4144	16
13:28:576852	-16	4144	16
13:28:579671	-16	4144	16
13:28:582545	-16	4144	16
13:28:585486	-16	4144	16
13:28:588424	-16	4144	16
13:28:591248	-16	4144	16
13:28:594079	-16	4144	16
13:28:596901	-16	4112	16
13:28:599720	-16	4112	16
13:28:602538	-16	4112	16
13:28:605352	-16	4112	16
13:28:608167	-16	4112	16
13:28:610989	-16	4112	16
13:28:613904	-16	4112	16
13:28:617086	-64	4112	64
13:28:620274	-64	4112	64
13:28:623304	-64	4112	64
13:28:626197	-64	4112	64
13:28:629048	-64	4112	64
13:28:631879	-64	4112	64
13:28:634694	-64	4112	64
13:28:637507	-32	4144	64
13:28:640340	-32	4144	64
13:28:643157	-32	4144	64
13:28:646023	-32	4144	64
13:28:648967	-32	4144	64
13:28:651902	-32	4144	64
13:28:654772	-32	4144	64
13:28:657731	-32	4112	64
13:28:660724	-32	4112	64
13:28:663682	-32	4112	64
13:28:666573	-32	4112	64
13:28:669428	-32	4112	64
13:28:672253	-32	4112	64
13:28:675071	-32	4112	64
13:28:677927	-64	4112	64
13:28:680856	-64	4112	64
13:28:683815	-64	4112	64
13:28:686750	-64	4112	64
13:28:689702	-64	4112	64
13:28:692841	-64	4112	64
13:28:695740	-64	4112	32
13:28:698595	-16	4144	32
13:28:701423	-16	4144	32
13:28:704235	-16	4144	32
13:28:707049	-16	4144	32
13:28:709915	-16	4144	32
13:28:712854	-16	4144	32
13:28:715759	-16	4144	48
13:28:718592	-32	4144	48
13:28:721420	-32	4144	48
13:28:724234	-32	4144	48
13:28:727047	-32	4144	48
13:28:729865	-32	4144	48
13:28:732729	-32	4144	48
13:28:735712	-32	4144	64
13:28:738759	-48	4160	64
13:28:741736	-48	4160	64
13:28:744682	-48	4160	64
13:28:747669	-48	4160	64
13:28:750577	-48	4160	64
13:28:753396	-48	4160	64
13:28:756210	-48	4160	48
13:28:759023	0	4128	48
13:28:761843	0	4128	48
13:28:764660	0	4128	48
13:28:767509	0	4128	48
13:28:770485	0	4128	48
13:28:773578	0	4128	48
13:28:776634	0	4128	32
13:28:779603	-16	4128	32
13:28:782469	-16	4128	32
13:28:785283	-16	4128	32
13:28:788102	-16	4128	32
13:28:790923	-16	4128	32
13:28:793740	-16	4128	32
13:28:796558	-16	4128	16
13:28:799378	0	4112	16
13:28:802246	0	4112	16
13:28:805326	0	4112	16
13:28:808607	0	4112	16
13:28:811593	0	4112	16
13:28:814507	0	4112	16
13:28:817338	-256	4128	48
13:28:820376	-64	4128	48
13:28:823237	-64	4128	48
13:28:826076	-64	4128	48
13:28:828945	-64	4128	48
13:28:831959	-64	4128	48
13:28:835107	-64	4128	48
13:28:838107	-48	4160	32
13:28:841061	-48	4160	32
13:28:843970	-48	4160	32
13:28:846807	-48	4160	32
13:28:849650	-48	4160	32
13:28:852473	-48	4160	32
13:28:855321	-48	4160	32
13:28:858317	-64	4144	64
13:28:861467	-64	4144	64
13:28:864373	-64	4144	64
13:28:867287	-64	4144	64
13:28:870242	-64	4144	64
13:28:873232	-64	4144	64
13:28:876113	-64	4144	64
13:28:878938	-48	4112	64
13:28:881757	-48	4112	64
13:28:884570	-48	4112	64
13:28:887384	-48	4112	64
13:28:890199	-48	4112	64
13:28:893013	-48	4112	64
13:28:895825	-48	4112	64
13:28:898674	-32	4128	16
13:28:901612	-32	4128	16
13:28:904517	-32	4128	16
13:28:907360	-32	4128	16
13:28:910234	-32	4128	16
13:28:913215	-32	4128	16
13:28:916261	-32	4128	16
13:28:919258	-32	4144	80
13:28:922147	-32	4144	80
13:28:925021	-32	4144	80
13:28:927886	-32	4144	80
13:28:930713	-32	4144	80
13:28:933647	-32	4144	80
13:28:936609	-32	4144	80
13:28:939525	-32	4112	48
13:28:942360	-32	4112	48
13:28:945180	-32	4112	48
13:28:947998	-32	4112	48
13:28:950811	-32	4112	48
13:28:953624	-32	4112	48
13:28:956438	-32	4112	48
13:28:959252	-32	4112	32
13:28:962066	-32	4112	32
13:28:964930	-32	4112	32
13:28:967878	-32	4112	32
13:28:970807	-32	4112	32
13:28:973625	-32	4112	32
13:28:976439	-32	4112	32
13:28:979257	0	4144	48
13:28:982079	0	4144	48
13:28:984893	0	4144	48
13:28:987708	0	4144	48
13:28:990525	0	4144	48
13:28:993338	0	4144	48
13:28:996181	0	4144	48
13:28:999102	-64	4128	64
13:29:002059	-64	4128	64
13:29:004987	-64	4128	64
13:29:007936	-64	4128	64
13:29:010909	-64	4128	64
13:29:013899	-64	4128	64
13:29:016794	-64	4128	64
13:29:019651	-64	4096	32
13:29:022479	-64	4096	32
13:29:025293	-64	4096	32
13:29:028481	-64	4096	32
13:29:034193	-64	4096	32
13:29:039851	-64	4096	48
13:29:045321	-48	4128	48
13:29:050798	-48	4128	48
13:29:056346	-48	4128	48
13:29:062095	-32	4128	32
13:29:067891	-32	4128	32
13:29:073611	-32	4128	32
13:29:079150	-32	4128	48
13:29:084640	-32	4128	48
13:29:090130	-32	4128	48
13:29:095731	-32	4128	48
13:29:101356	-32	4144	64
13:29:106876	-32	4144	64
13:29:112355	-32	4144	64
13:29:117832	-32	4144	64
13:29:123350	-48	4176	48
13:29:129047	-48	4176	48
13:29:134640	-48	4176	48
13:29:140126	-48	4176	48
13:29:145610	-32	4128	48
13:29:151142	-32	4128	48
13:29:156983	-32	4128	48
13:29:162831	-32	4128	80
13:29:168517	-32	4128	80
13:29:174054	-32	4128	80
13:29:179536	-32	4128	80
13:29:185064	0	4144	16
13:29:190747	0	4144	16
13:29:196451	0	4144	16
13:29:202185	0	4112	32
13:29:207774	-32	4112	32
13:29:213303	-32	4112	32
13:29:218805	-32	4112	32
13:29:224411	-16	4128	48
13:29:229925	-16	4128	48
13:29:234214	-16	4128	48
13:29:238640	-16	4128	48
13:29:242886	-16	4112	48
13:29:247090	-16	4112	48
13:29:251274	-16	4112	48
13:29:255522	-16	4112	48
13:29:259863	-16	4112	48
13:29:264143	-32	4160	64
13:29:268458	-32	4160	64
13:29:272739	-32	4160	64
13:29:276944	-32	4160	64
13:29:281110	-32	4160	96
13:29:286185	-16	4144	96
13:29:290574	-16	4144	96
13:29:294784	-16	4144	96
13:29:299096	-16	4144	96
13:29:303515	-32	4144	64
13:29:307841	-32	4144	64
13:29:312036	-32	4144	64
13:29:316970	-32	4144	64
13:29:321695	-32	4144	32
13:29:326120	-16	4128	32
13:29:330407	-16	4128	32
13:29:334798	-16	4128	32
13:29:339037	-16	4128	32
13:29:343269	-32	4112	48
13:29:347454	-32	4112	48
13:29:352240	-32	4112	48
13:29:356560	-32	4112	48
13:29:360870	-32	4112	48
13:29:365263	0	4096	16
13:29:369512	0	4096	16
13:29:373718	0	4096	16
13:29:377852	0	4096	16
13:29:382083	0	4096	32
13:29:386540	-16	4128	32
13:29:390834	-16	4128	32
13:29:394976	-16	4128	32
13:29:399208	-16	4128	32
13:29:403529	-32	4128	-16
13:29:407873	-32	4128	-16
13:29:412275	-32	4128	-16
13:29:416719	-32	4128	-16
13:29:421079	-32	4128	240
13:29:425301	0	4176	48
13:29:429513	0	4176	48
13:29:433687	0	4176	48
13:29:437830	0	4176	48
13:29:442050	0	4176	80
13:29:446459	0	4144	80
13:29:451138	0	4144	80
13:29:455527	0	4144	80
13:29:459794	0	4144	80
13:29:464018	-48	4128	48
13:29:468265	-48	4128	48
13:29:472450	-48	4128	48
13:29:476643	-48	4128	48
13:29:480959	-48	4128	48
13:29:485211	-32	4144	16
13:29:489352	-32	4144	16
13:29:493503	-32	4144	16
13:29:497659	-32	4144	16
13:29:501887	-32	4144	16
13:29:506230	16	4096	32
13:29:510983	16	4096	32
13:29:515405	16	4096	32
13:29:519802	16	4096	32
13:29:524001	-240	4128	48
13:29:528270	-64	4128	48
13:29:532619	-64	4128	48
13:29:537031	-64	4128	48
13:29:541484	-64	4128	48
13:29:545816	-16	4160	64
13:29:550021	-16	4160	64
13:29:554178	-16	4160	64
13:29:558439	-16	4160	64
13:29:562762	-16	4160	16
13:29:567025	-32	4112	16
13:29:571262	-32	4112	16
13:29:575622	-32	4112	16
13:29:579823	-32	4112	16
13:29:584062	-32	4112	32
13:29:588254	-64	4112	32
13:29:592531	-64	4112	32
13:29:596892	-64	4112	32
13:29:601185	-64	4112	32
13:29:605578	-48	4112	32
13:29:609998	-48	4112	32
13:29:614304	-48	4112	32
13:29:618605	-48	4112	32
13:29:622923	-48	4112	32
13:29:627226	-48	4128	80
13:29:631886	-48	4128	80
13:29:637629	-48	4128	80
13:29:644033	-48	4128	80
13:29:650629	-64	4160	64
13:29:657149	-64	4160	64
13:29:663739	-64	4160	64
13:29:671504	-32	4112	80
13:29:677217	-32	4112	80
13:29:682980	-32	4112	80
13:29:688786	-16	4160	32
13:29:694403	-16	4160	32
13:29:699978	-16	4160	32
13:29:705713	-16	4160	48
13:29:711365	0	4176	48
13:29:716821	0	4176	48
13:29:722382	0	4176	48
13:29:728060	-16	4160	32
13:29:733875	-16	4160	32
13:29:739804	-16	4160	32
13:29:745466	-16	4160	32
13:29:751034	-32	4144	32
13:29:756716	-32	4144	32
13:29:762398	-32	4144	32
13:29:768293	-16	4112	64
13:29:773978	-16	4112	64
13:29:779645	-16	4112	64
13:29:785445	-16	4112	80
13:29:791040	-48	4128	80
13:29:796606	-48	4128	80
13:29:802329	-48	4128	80
13:29:807967	-64	4128	16
13:29:813436	-64	4128	16
13:29:818913	-64	4128	16
13:29:824396	-64	4128	16
13:29:830075	-32	4160	48
13:29:835780	-32	4160	48
13:29:841491	-32	4160	48
13:29:847199	-32	4160	16
13:29:852812	0	4144	16
13:29:858332	0	4144	16
13:29:863893	0	4144	16
13:29:869530	-32	4160	16
13:29:875035	-32	4160	16
13:29:880491	-32	4160	16
13:29:885955	-32	4160	64
13:29:891447	0	4128	64
13:29:897064	0	4128	64
13:29:902708	0	4128	64
13:29:908509	-256	4112	80
13:29:914249	-48	4112	80
13:29:919827	-48	4112	80
13:29:925400	-48	4112	80
13:29:931204	-32	4128	64
13:29:935747	-32	4128	64
13:29:939894	-32	4128	64
13:29:944030	-32	4128	64
13:29:948172	-32	4128	16
13:29:952303	-32	4128	16
13:29:956442	-32	4128	16
13:29:960662	-32	4128	16
13:29:965016	-32	4128	16
13:29:969296	-16	4144	16
13:29:973433	-16	4144	16
13:29:977557	-16	4144	16
13:29:981735	-16	4144	16
13:29:985875	-16	4144	16
13:29:990109	-48	4128	80
13:29:994490	-48	4128	80
13:29:998885	-48	4128	80
13:30:003233	-48	4128	80
13:30:007400	-48	3872	64
13:30:011534	-48	4080	64
13:30:015671	-48	4080	64
13:30:019825	-48	4080	64
13:30:025362	-48	4080	64
13:30:029714	16	4128	16
13:30:034824	16	4128	16
13:30:040505	16	4128	16
13:30:046086	16	4128	16
13:30:051640	0	4080	32
13:30:057226	0	4080	32
13:30:062962	0	4080	32
13:30:068829	0	4336	80
13:30:074530	-32	4128	80
13:30:080163	-32	4128	80
13:30:086007	-32	4128	80
13:30:091772	-16	4128	64
13:30:097500	-16	4128	64
13:30:103199	-16	4128	64
13:30:108957	-16	4128	32
13:30:114598	-48	4160	32
13:30:120337	-48	4160	32
13:30:126069	-48	4160	32
13:30:131743	-32	4128	64
13:30:136462	-32	4128	64
13:30:141066	-32	4128	64
13:30:145375	-32	4128	64
13:30:149665	0	4160	32
13:30:153978	0	4160	32
13:30:158343	0	4160	32
13:30:162806	0	4160	32
13:30:167317	0	4160	-224
13:30:171753	-32	4128	-16
13:30:176039	-32	4128	-16
13:30:180384	-32	4128	-16
13:30:184669	-32	4128	-16
13:30:189005	-32	4128	64
13:30:193323	-48	4112	64
13:30:197640	-48	4112	64
13:30:201974	-48	4112	64
13:30:206294	-48	4112	64
13:30:210570	0	4144	16
13:30:215031	0	4144	16
13:30:219548	0	4144	16
13:30:224041	0	4144	16
13:30:228430	0	4144	64
13:30:233049	-32	4128	64
13:30:238689	-32	4128	64
13:30:244413	-32	4128	64
13:30:250152	-32	4128	80
13:30:256046	-48	4128	80
13:30:262003	-48	4128	80
13:30:267756	-48	4128	80
13:30:273545	0	4144	32
13:30:279338	0	4144	32
13:30:285187	0	4144	32
13:30:290972	0	4128	16
13:30:296541	-48	4128	16
13:30:302005	-48	4128	16
13:30:307459	-48	4128	16
13:30:313195	-32	4128	64
13:30:319132	-32	4128	64
13:30:325783	-32	4128	64
13:30:331609	-32	4144	16
13:30:337438	-32	4144	16
13:30:343163	-32	4144	16
13:30:348818	-32	4144	16
13:30:354624	-48	4096	16
13:30:360488	-48	4096	16
13:30:366241	-48	4096	16
13:30:372107	-48	4144	48
13:30:379579	-48	4144	48
13:30:385335	-48	4144	48
13:30:390886	-48	4144	16
13:30:396370	0	4128	16
13:30:401939	0	4128	16
13:30:407727	0	4128	16
13:30:414250	-32	4144	0
13:30:420200	-32	4144	0
13:30:425924	-32	4144	0
13:30:431610	-32	4144	64
13:30:436521	-48	4128	64
13:30:440810	-48	4128	64
13:30:445135	-48	4128	64
13:30:449475	-48	4128	64
13:30:453740	-48	4176	48
13:30:458058	-48	4176	48
13:30:462443	-48	4176	48
13:30:466688	-48	4176	48
13:30:470874	-48	4176	48
13:30:475165	-48	4128	48
13:30:479531	-48	4128	48
13:30:483726	-48	4128	48
13:30:487883	-48	4128	48
13:30:492033	-48	4112	48
13:30:496256	-64	4112	48
13:30:500594	-64	4112	48
13:30:504943	-64	4112	48
13:30:509288	-64	4112	48
13:30:513608	-48	4144	48
13:30:517824	-48	4144	48
13:30:521984	-48	4144	48
13:30:526121	-48	4144	48
13:30:530260	-48	4144	48
13:30:534417	-48	4096	48
13:30:538677	-48	4096	48
13:30:542986	-48	4096	48
13:30:547180	-48	4096	48
13:30:551321	-48	4096	32
13:30:555475	-32	4112	32
13:30:559722	-32	4112	32
13:30:564042	-32	4112	32
13:30:568398	-32	4112	32
13:30:572766	-32	4128	32
13:30:577157	-48	4128	32
13:30:581408	-48	4128	32
13:30:585625	-48	4128	32
13:30:589813	-48	4128	32
13:30:593956	-16	4112	32
13:30:598100	-16	4112	32
13:30:602372	-16	4112	32
13:30:606789	-16	4112	32
13:30:611166	-16	4112	32
13:30:615515	-48	4112	80
13:30:619842	-48	4112	80
13:30:624069	-48	4112	80
13:30:628233	-48	4112	80
13:30:632413	-48	4112	16
13:30:636807	-48	4144	16
13:30:641076	-48	4144	16
13:30:645248	-48	4144	16
13:30:649390	-48	4144	16
13:30:653630	-48	4128	48
13:30:657976	-32	4128	48
13:30:662370	-32	4128	48
13:30:666837	-32	4128	48
13:30:672531	-32	4128	48
13:30:678034	16	4160	48
13:30:682454	16	4160	48
13:30:686790	16	4160	48
13:30:691108	16	4160	48
13:30:695421	0	4128	0
13:30:699817	0	4128	0
13:30:704357	0	4128	0
13:30:708635	0	4128	0
13:30:712800	0	4128	48
13:30:716920	-32	4112	48
13:30:721055	-32	4112	48
13:30:725197	-32	4112	48
13:30:729388	-32	4112	48
13:30:733894	-32	4112	96
13:30:738585	0	4160	96
13:30:742928	0	4160	96
13:30:747196	0	4160	96
13:30:751408	0	4160	96
13:30:755573	-48	4112	96
13:30:759739	-48	4112	96
13:30:764039	-48	4112	96
13:30:768516	-48	4112	96
13:30:772671	-48	4112	32
13:30:776797	-32	4144	32
13:30:780939	-32	4144	32
13:30:785082	-32	4144	32
13:30:789218	-32	4144	32
13:30:793429	-32	4144	48
13:30:797826	-16	4144	48
13:30:802151	-16	4144	48
13:30:806495	-16	4144	48
13:30:810769	-16	4144	48
13:30:815003	-16	4160	16
13:30:819143	-32	4160	16
13:30:823314	-32	4160	16
13:30:827565	-32	4160	16
13:30:832004	-32	4160	16
13:30:836714	-48	4112	-16
13:30:842451	-48	4112	-16
13:30:848026	-48	4112	-16
13:30:853599	-48	4112	-928
13:30:859333	-768	4560	-928
13:30:865068	-768	4560	-928
13:30:870691	-768	4560	-928
13:30:876455	-17664	-272	-320
13:30:882024	-17616	-272	-320
13:30:887613	-17616	-272	-320
13:30:893627	-17616	-272	-6720
13:30:899204	8256	10240	-6896
13:30:904670	8256	10240	-6896
13:30:910227	8256	10240	-6896
13:30:915893	8256	8448	144
13:30:921697	11424	8464	144
13:30:927562	11424	8464	144
13:30:933483	11424	8464	1424
13:30:938400	1840	-640	1488
13:30:942822	1840	-640	1488
13:30:947140	1840	-640	1488
13:30:951502	1840	-640	1488
13:30:956090	-2512	352	32
13:30:960566	-2512	352	32
13:30:964815	-2512	352	32
13:30:969001	-2512	352	32
13:30:973138	-2512	352	32
13:30:977267	-528	-320	-448
13:30:981396	-528	-320	-448
13:30:985920	-528	-320	-448
13:30:990281	-528	-320	-448
13:30:994529	-528	-320	784
13:30:998659	48	-320	784
13:31:002781	48	-320	784
13:31:006909	48	-320	784
13:31:011319	48	-320	784
13:31:015769	48	-320	304
13:31:020152	-112	-304	304
13:31:024586	-112	-304	304
13:31:028787	-112	-304	304
13:31:032920	-112	-304	304
13:31:037405	-32	-240	640
13:31:042998	-32	-240	640
13:31:048628	-32	-240	640
13:31:054285	-32	-240	640
13:31:060155	128	304	560
13:31:065991	128	304	560
13:31:071561	128	304	560
13:31:077276	128	5936	1392
13:31:083037	4992	5920	1392
13:31:088931	4992	5920	1392
13:31:094664	4992	5920	1392
13:31:100209	5456	8800	5248
13:31:105899	5456	8800	5248
13:31:111547	5456	8800	5248
13:31:117944	5456	8896	2880
13:31:123739	640	8896	2880
13:31:129276	640	8896	2880
13:31:134867	640	8896	2880
13:31:139627	-2896	8832	1840
13:31:144006	-2896	8832	1840
13:31:148481	-2896	8832	1840
13:31:152977	-2896	8832	1840
13:31:157196	-2896	7040	-48
13:31:161409	-4736	7008	-48
13:31:165624	-4736	7008	-48
13:31:169766	-4736	7008	-48
13:31:173891	-4736	7008	-48
13:31:178071	-5504	5280	-448
13:31:182410	-5392	5280	-448
13:31:186865	-5392	5280	-448
13:31:191095	-5392	5280	-448
13:31:195373	-5392	5280	-448
13:31:199871	-2896	1488	-752
13:31:204114	-2896	1488	-752
13:31:208338	-2896	1488	-752
13:31:212648	-2896	1488	-752
13:31:216934	-2896	1488	-720
13:31:221127	-704	1120	-720
13:31:225259	-704	1120	-720
13:31:229389	-704	1120	-720
13:31:233529	-704	1120	-720
13:31:238031	-704	864	-608
13:31:243590	-528	784	-608
13:31:249327	-528	784	-608
13:31:255204	-528	784	-608
13:31:260815	-336	1072	-1024
13:31:266548	-336	1072	-1024
13:31:272149	-336	1072	-1024
13:31:277782	-336	1072	-3232
13:31:283428	-784	1600	-3232
13:31:288948	-784	1600	-3232
13:31:294398	-784	1600	-3232
13:31:299872	752	2720	-3040
13:31:305395	592	2720	-3040
13:31:311478	592	2720	-3040
13:31:317690	592	2720	-1760
13:31:323355	1648	4624	-1760
13:31:328986	1648	4624	-1760
13:31:334517	1648	4624	-1760
13:31:340109	2160	6432	688
13:31:345878	2256	6432	688
13:31:351547	2256	6432	688
13:31:357002	2256	6432	2480
13:31:362665	1616	7840	2368
13:31:368373	1616	7840	2368
13:31:374307	1616	7840	2368
13:31:380231	848	7792	3952
13:31:385761	784	7792	3952
13:31:391216	784	7792	3952
13:31:396678	784	7792	3952
13:31:402187	-16	5056	2816
13:31:407965	-16	5056	2816
13:31:413597	-16	5056	2816
13:31:419818	-16	5056	1168
13:31:425496	-224	2144	1168
13:31:431136	-224	2144	1168
13:31:436757	-224	2144	1168
13:31:442395	-224	1024	288
13:31:447916	-224	1024	288
13:31:453370	-224	1024	288
13:31:458830	-224	1024	688
13:31:464323	-320	2048	688
13:31:469966	-320	2048	688
13:31:475620	-320	2048	688
13:31:481748	-1344	5536	464
13:31:487721	-1440	5536	464
13:31:493276	-1440	5536	464
13:31:498847	-1440	5536	-1584
13:31:504688	-1984	7344	-1584
13:31:510348	-1984	7344	-1584
13:31:515822	-1984	7344	-1584
13:31:521323	-448	6384	-2192
13:31:526825	-512	6384	-2192
13:31:532392	-512	6384	-2192
13:31:538181	-512	6384	-2192
13:31:543888	-64	3104	-400
13:31:549632	-64	3104	-400
13:31:555230	-64	3104	-400
13:31:560794	-64	1056	48
13:31:566450	32	1184	48
13:31:572198	32	1184	48
13:31:577820	32	1184	48
13:31:583520	32	1760	144
13:31:589089	32	1760	144
13:31:594664	32	1760	144
13:31:600392	32	1760	704
13:31:606351	288	4448	704
13:31:611888	288	4448	704
13:31:617502	288	4448	704
13:31:623284	1104	6272	1056
13:31:629084	1104	6272	1056
13:31:634904	1104	6272	1056
13:31:640051	1104	6272	928
13:31:644295	1520	6688	928
13:31:648533	1520	6688	928
13:31:652730	1520	6688	928
13:31:656865	1520	6688	928
13:31:661026	1520	5152	672
13:31:665310	720	5200	672
13:31:669677	720	5200	672
13:31:673858	720	5200	672
13:31:678001	720	5200	672
13:31:682134	464	3344	304
13:31:686320	256	3344	304
13:31:690609	256	3344	304
13:31:695040	256	3344	304
13:31:699510	256	3344	304
13:31:703862	-528	3120	192
13:31:708064	-528	3120	192
13:31:712209	-528	3120	192
13:31:716348	-528	3120	192
13:31:720509	-528	3120	-144
13:31:724695	-1136	3536	-144
13:31:728948	-1136	3536	-144
13:31:733220	-1136	3536	-144
13:31:737450	-1136	3536	-144
13:31:742942	-1136	4048	-544
13:31:748675	-1424	4032	-544
13:31:754367	-1424	4032	-544
13:31:760233	-1424	4032	-544
13:31:765941	-1136	4112	-576
13:31:771865	-1136	4112	-576
13:31:777705	-1136	4112	-576
13:31:783287	-1136	3856	-432
13:31:788842	-576	3856	-432
13:31:794487	-576	3856	-432
13:31:800183	-576	3856	-432
13:31:807414	-256	3936	-96
13:31:813122	-256	3936	-96
13:31:818657	-256	3936	-96
13:31:825425	256	4384	128
13:31:831273	288	4384	128
13:31:836980	288	4384	128
13:31:849767	288	4624	288
13:31:855445	656	4624	288
13:31:861254	656	4624	544
13:31:866878	720	4752	512
13:31:872413	720	4752	512
13:31:878073	720	4752	512
13:31:883750	720	4496	464
13:31:889687	800	4368	464
13:31:895646	800	4368	464
13:31:901430	800	4368	464
13:31:907133	576	3888	448
13:31:912767	576	3888	448
13:31:918442	576	3888	448
13:31:924374	576	3632	336
13:31:930226	176	3792	336
13:31:936125	176	3792	336
13:31:941350	176	3792	336
13:31:945751	-176	3968	96
13:31:950166	-176	3968	96
13:31:954799	-176	3968	96
13:31:959151	-176	3968	96
13:31:963573	-176	4224	-64
13:31:968210	-448	4288	-64
13:31:972674	-448	4288	-64
13:31:977048	-448	4288	-64
13:31:981381	-448	4288	-64
13:31:986661	-784	4448	-512
13:31:990954	-784	4448	-512
13:31:995104	-784	4448	-512
13:31:999247	-784	4448	-512
13:32:003449	-784	4448	-528
13:32:007762	-864	4160	-528
13:32:012081	-864	4160	-528
13:32:016431	-864	4160	-528
13:32:020697	-864	4160	-528
13:32:024897	-608	3680	-256
13:32:029085	-672	3680	-256
13:32:033345	-672	3680	-256
13:32:037801	-672	3680	-256
13:32:042017	-672	3680	-256
13:32:046232	-432	3520	-16
13:32:050598	-432	3520	-16
13:32:054988	-432	3520	-16
13:32:059181	-432	3520	-16
13:32:063316	-432	3520	64
13:32:067442	-128	3632	64
13:32:071657	-128	3632	64
13:32:075796	-128	3632	64
13:32:080035	-128	3632	64
13:32:084312	-128	3632	80
13:32:088678	192	4112	80
13:32:093006	192	4112	80
13:32:097235	192	4112	80
13:32:101436	192	4112	80
13:32:105629	448	4544	64
13:32:109846	448	4544	64
13:32:114094	448	4544	64
13:32:118353	448	4544	64
13:32:122525	448	4544	64
13:32:126650	528	4640	80
13:32:130829	528	4640	80
13:32:135152	528	4640	80
13:32:139658	528	4640	80
13:32:143949	528	4640	96
13:32:148251	400	4368	96
13:32:152439	400	4368	96
13:32:156566	400	4368	96
13:32:160696	400	4368	96
13:32:164824	400	4368	96
13:32:169006	112	3952	96
13:32:173299	112	3952	96
13:32:177758	112	3952	96
13:32:182185	112	3952	96
13:32:186411	-144	3600	0
13:32:190602	-96	3600	0
13:32:194779	-96	3600	0
13:32:198951	-96	3600	0
13:32:203080	-96	3600	0
13:32:207342	-368	3680	-48
13:32:211609	-368	3680	-48
13:32:215791	-368	3680	-48
13:32:219938	-368	3680	-48
13:32:224079	-368	3680	-48
13:32:228259	-624	4048	-64
13:32:232545	-624	4048	-64
13:32:236925	-624	4048	-64
13:32:241935	-624	4048	-64
13:32:247732	-624	4176	-304
13:32:253295	-672	4176	-304
13:32:258811	-672	4176	-304
13:32:264270	-672	4176	-304
13:32:269803	-416	4128	-320
13:32:275493	-416	4128	-320
13:32:281120	-416	4128	-320
13:32:286577	-416	3872	-224
13:32:292043	-208	3936	-224
13:32:297612	-208	3936	-224
13:32:303308	-208	3936	-224
13:32:309209	-64	3776	-64
13:32:314979	-64	3776	-64
13:32:320545	-64	3776	-64
13:32:326126	-64	3776	48
13:32:331656	48	3792	48
13:32:337297	48	3792	48
13:32:342360	48	3792	48
13:32:346690	48	4048	80
13:32:355863	144	4032	80
13:32:360080	144	4032	80
13:32:364238	144	4032	80
13:32:368501	208	4256	144
13:32:372771	208	4256	144
13:32:376962	208	4256	144
13:32:381155	208	4256	144
13:32:385427	208	4256	144
13:32:389728	80	4352	128
13:32:393973	80	4352	128
13:32:398359	80	4352	128
13:32:402856	80	4352	128
13:32:407282	80	4096	64
13:32:411601	-64	4320	64
13:32:415927	-64	4320	64
13:32:420248	-64	4320	64
13:32:424557	-64	4320	64
13:32:428791	-208	4080	-48
13:32:433224	-208	4080	-48
13:32:437645	-208	4080	-48
13:32:442544	-208	4080	-48
13:32:448408	-208	4080	-96
13:32:454179	-304	3904	-96
13:32:460027	-304	3904	-96
13:32:465877	-304	3904	-96
13:32:471677	-368	3872	-128
13:32:477411	-368	3872	-128
13:32:483122	-368	3872	-128
13:32:488702	-368	3872	-112
13:32:494524	-352	3888	-112
13:32:500434	-352	3888	-112
13:32:506293	-352	3888	-112
13:32:512031	-256	4048	-144
13:32:517724	-256	4048	-144
13:32:523208	-256	4048	-144
13:32:528782	-256	4304	-96
13:32:534474	-64	4128	-96
13:32:540252	-64	4128	-96
13:32:544889	-64	4128	-96
13:32:549149	-64	4128	0
13:32:553357	-32	4128	0
13:32:557545	-32	4128	0
13:32:561890	-32	4128	0
13:32:566152	-32	4128	0
13:32:570309	64	4112	64
13:32:574464	64	4112	64
13:32:578695	64	4112	64
13:32:583021	64	4112	64
13:32:587332	64	4112	64
13:32:591648	64	4160	96
13:32:595925	64	4160	96
13:32:600128	64	4160	96
13:32:604279	64	4160	96
13:32:608426	64	4160	128
13:32:612586	-32	4208	128
13:32:616742	-32	4208	128
13:32:620932	-32	4208	128
13:32:625217	-32	4208	128
13:32:629492	-32	4208	144
13:32:633691	-64	4288	144
13:32:637844	-64	4288	144
13:32:642365	-64	4288	144
13:32:647877	-64	4288	144
13:32:653422	-160	4288	96
13:32:659157	-160	4288	96
13:32:664835	-160	4288	96
13:32:670395	-160	4288	0
13:32:676076	-208	4224	0
13:32:681923	-208	4224	0
13:32:687606	-208	4224	0
13:32:693302	-192	4112	-48
13:32:699020	-192	4112	-48
13:32:704684	-192	4112	-48
13:32:710433	-192	3856	-64
13:32:716039	-160	4032	-64
13:32:721690	-160	4032	-64
13:32:727363	-160	4032	-64
13:32:733066	-128	3984	-48
13:32:738809	-128	3984	-48
13:32:744169	-128	3984	-48
13:32:748432	-128	3984	-48
13:32:752874	-64	4112	-48
13:32:757318	-64	4112	-48
13:32:761805	-64	4112	-48
13:32:766377	-64	4112	-48
13:32:770792	-64	4112	16
13:32:775059	-32	4208	16
13:32:779326	-32	4208	16
13:32:783770	-32	4208	16
13:32:788252	-32	4208	16
13:32:792642	-48	4272	48
13:32:796964	-48	4272	48
13:32:801248	-48	4272	48
13:32:805523	-48	4272	48
13:32:809850	-48	4272	128
13:32:814086	-48	4304	128
13:32:818489	-48	4304	128
13:32:822920	-48	4304	128
13:32:827279	-48	4304	128
13:32:831554	-48	4256	192
13:32:835948	-48	4256	192
13:32:840420	-48	4256	192
13:32:845619	-48	4256	192
13:32:851569	-48	4256	256
13:32:857442	-64	4288	256
13:32:863051	-64	4288	256
13:32:868712	-64	4288	256
13:32:874357	-64	4288	272
13:32:880021	-64	4288	272
13:32:885933	-64	4288	272
13:32:891798	-64	4288	128
13:32:897541	-64	4240	128
13:32:903391	-64	4240	128
13:32:909062	-64	4240	128
13:32:914728	-64	4224	48
13:32:920480	-64	4224	48
13:32:926036	-64	4224	48
13:32:931819	-64	4224	16
13:32:937542	-48	4176	16
13:32:943620	-48	4176	16
13:32:948314	-48	4176	16
13:32:952611	-48	4128	-16
13:32:956754	-64	4128	-16
13:32:960892	-64	4128	-16
13:32:965022	-64	4128	-16
13:32:969159	-64	4128	-16
13:32:973305	-48	4064	0
13:32:977688	-48	4064	0
13:32:981977	-48	4064	0
13:32:986252	-48	4064	0
13:32:990421	-48	4064	0
13:32:994567	-64	4128	48
13:32:998786	-64	4128	48
13:33:003114	-64	4128	48
13:33:007635	-64	4128	48
13:33:012128	-64	4128	112
13:33:016416	-64	4208	112
13:33:020613	-64	4208	112
13:33:024813	-64	4208	112
13:33:029078	-64	4208	112
13:33:033483	-64	4320	176
13:33:037775	-32	4320	176
13:33:042083	-32	4320	176
13:33:046400	-32	4320	176
13:33:050561	-32	4320	176
13:33:054778	-32	4320	208
13:33:059088	-32	4320	208
13:33:063462	-32	4320	208
13:33:067750	-32	4320	208
13:33:071957	-32	4320	240
13:33:076310	0	4256	240
13:33:080568	0	4256	240
13:33:084691	0	4256	240
13:33:088811	0	4256	240
13:33:092930	0	4256	192
13:33:097045	16	4224	192
13:33:101270	16	4224	192
13:33:105644	16	4224	192
13:33:110129	16	4224	192
13:33:114416	32	4192	144
13:33:118622	32	4192	144
13:33:122937	32	4192	144
13:33:127234	32	4192	144
13:33:131426	32	4192	144
13:33:135659	0	4240	128
13:33:140127	0	4240	128
13:33:144654	0	4240	128
13:33:150643	0	4240	128
13:33:156529	32	4176	16
13:33:162367	32	4176	16
13:33:168267	32	4176	16
13:33:174282	32	4176	16
13:33:180052	0	4176	16
13:33:185588	0	4176	16
13:33:191197	0	4176	16
13:33:196811	-16	4064	0
13:33:202578	-16	4064	0
13:33:208434	-16	4064	0
13:33:214306	-16	4064	-128
13:33:220156	96	4160	-128
13:33:226142	96	4160	-128
13:33:231962	96	4160	-128
13:33:237981	240	4384	-432
13:33:243766	240	4384	-432
13:33:248480	240	4384	-432
13:33:252747	240	4384	-688
13:33:257035	-64	4640	-560
13:33:261333	-64	4640	-560
13:33:265785	-64	4640	-560
13:33:270299	-64	4640	-560
13:33:275042	-64	4128	-304
13:33:279635	-64	4128	-304
13:33:284013	-64	4128	-304
13:33:288322	-64	4128	-304
13:33:292602	-64	4128	-304
13:33:297165	-112	3856	-48
13:33:301586	-112	3856	-48
13:33:305821	-112	3856	-48
13:33:310021	-112	3856	-48
13:33:314271	-112	3856	96
13:33:318757	-96	4032	96
13:33:323217	-96	4032	96
13:33:327872	-96	4032	96
13:33:332380	-96	4032	96
13:33:336862	-48	4224	160
13:33:341186	-48	4224	160
13:33:345521	-48	4224	160
13:33:349812	-48	4224	160
13:33:354126	-48	4224	144
13:33:358515	-48	4320	144
13:33:363007	-48	4320	144
13:33:367416	-48	4320	144
13:33:371952	-48	4320	144
13:33:376598	32	4368	160
13:33:381103	32	4368	160
13:33:385645	32	4368	160
13:33:390086	32	4368	160
13:33:394598	32	4368	224
13:33:399121	-32	4224	224
13:33:403645	-32	4224	224
13:33:408157	-32	4224	224
13:33:412561	-32	4224	224
13:33:416939	-64	4080	208
13:33:421463	-64	4080	208
13:33:426100	-64	4080	208
13:33:430486	-64	4080	208
